# ELektron2 Java Simulation Results
# Date: 2026-03-09 12:34:42
# Integrator: DormandPrince853 (commons-math3)
# DP853 minStep: 1.0E-10  maxStep: 10.0  absTol: 1.0E-12  relTol: 1.0E-12
# Java: 25.0.2  OS: Windows 11 amd64
# Cores: 24
# Total time: 145277 ms
# Total simulations: 240
# startEnergy: 5000.0 eV
# startPos: -14663.993697025551 (reduced)
# detectionDistance: 14663.993697025551 (reduced)
# rangeMin: 1.0E-12 m
# rangeMax: 1.0E-10 m
# spin: 1
# Z: 6.0
# atomCount: 30
# atomSpacing: 735.4478411741759 (reduced) = 1.42E-10 m
# chainHalfLength: 10663.993697025551 (reduced)
#
# Columns:
# idx qx qy qz rx ry rz vx vy vz ux uy uz energyIn_eV energyOut_eV angle_deg steps elapsedMs dxZERO_reduced psi0
#
0 -2744.9813790303742 1.4294071143272963E-16 -8505.807939398548 -2745.2030691598184 9.257900504293935E-17 -8504.753977634813 -0.10937842714455391 5.31399578233698E-21 0.08557050061870823 -0.9785865601910909 7.130017009169532E-17 -0.20583572237970313 5000.0 5000.0001413212785 252.11415085409237 306258 5588 9.196574976073912 5.978362738015842
1 -2744.9813790303747 5.997758494801979E-16 -7794.737001638653 -2745.743356479894 6.111904049793669E-16 -7794.1518233240595 -0.09624626475916402 2.0639482509962077E-20 0.10011297348097606 -0.6090839956171927 8.587049429340195E-17 -0.793105721155429 5000.0 5000.000151460379 250.59986156337385 326225 6682 10.997593953153352 6.073660911196477
2 2744.9813790303742 -4.879468730041527E-17 -4472.2849562868805 2746.026865856644 -8.443210520011016E-17 -4472.735731771518 0.06272731904546158 -1.4345271804930514E-21 0.12390009881290841 0.3959290530532786 -7.019754211608498E-17 0.9182811036145347 5000.0 5000.0001780797875 301.54060552567347 442609 10380 -78.51665253538589 6.22136864714122
3 2744.9813790303742 5.658466685346323E-16 -2317.409045095247 2745.997231187354 4.778932254728696E-16 -2316.9957685187665 0.04351510854069392 8.728818612971354E-21 0.13188019708714752 -0.37683613619857814 -2.3941087997015735E-17 0.9262799396336061 5000.0 5000.000181913649 319.8277756379349 522094 12221 -24.384281852465627 0.706628195189413
4 -2744.9813790303742 1.9701054322017611E-16 -3885.5527097957447 -2744.941298480314 1.304004565943321E-16 -3884.5003408099265 -0.06412264899363142 4.28936869386877E-21 0.12318375261440376 -0.9992755153442777 6.265097530260112E-17 0.038058430645662375 5000.0 5000.000173251633 234.76038394398765 468611 12604 123.65561716407545 0.6515421836615695
5 2744.9813790303742 1.4045934177289771E-15 -3279.1655659212556 2744.1037007582354 1.470086336232343E-15 -3279.3605807949098 0.08288767586452583 4.1775886554669914E-20 0.11142524054199018 0.21690423362299277 6.111563789044203E-17 -0.9761928874850132 5000.0 5000.000177970067 309.9326176975422 501646 12642 -183.47691758565705 2.5677155346456035
6 2744.9813790303742 6.099626259029938E-16 -3538.850859617776 2744.900618918716 6.786491789573108E-16 -3539.8689342787425 0.050112851065026325 1.0853995266084445E-20 0.1295169997245503 0.9968684392119865 -4.4793297649579646E-17 -0.0790779010543598 5000.0 5000.000183087329 307.79966919478306 475084 13606 -21.805522127864695 2.500556963932904
7 2744.9813790303742 -1.9476415180567163E-13 -9586.255189574022 2744.8765138876565 -1.9468674191248692E-13 -9587.33748367919 0.08812732970184599 -6.255706847245189E-18 -0.10740205135719992 0.9953388085651613 -2.7402609643461785E-17 -0.09643991039017283 5000.0 5004.124126425124 285.97882863283536 520510 13610 -251.049610352332 5.912871149104719
8 2744.981379030375 -9.081969567567542E-15 482.56973346917266 2746.0031403925796 -9.113285255550823E-15 482.16043862652026 0.12041275389812925 -3.9992373106515147E-19 0.0691861238441894 0.3718529575288489 -7.150058929404938E-17 0.9282916451352875 5000.0 5000.00017635274 9.970754683217505 683758 16332 399.25226348111073 6.277056906187758
9 2744.9813790303742 -1.612441890754656E-16 1762.6823383430835 2745.530280111341 -2.4668548864069434E-16 1763.5094430204958 0.06646574648996667 -4.2173672120578054E-21 0.12193545662248086 -0.8332117779348222 2.8001724288126437E-17 0.5529540061715524 5000.0 5000.000177480352 32.706438311623174 699199 16684 -347.05437746583056 1.3151859622870006
10 2744.9813790303747 -2.8061253246518616E-16 277.05887462172626 2745.8662639679683 -3.6936983808164347E-16 277.61087500060904 0.0748199089018098 -8.01099633847255E-21 0.11699543696590022 -0.529272910634527 -9.064390220665563E-18 0.8484516400665207 5000.0 5000.000177668704 5.763509081711217 642684 17927 -325.67453012939967 2.832098632398708
11 2744.9813790303747 -1.5421148916018112E-16 -7703.488129589436 2745.937349125213 -2.3786435023356716E-16 -7703.08054180355 0.09468939567738807 -5.988128279064933E-21 0.10158675829387159 -0.3922003266213063 -2.2740189253189273E-17 0.9198798309008807 5000.0 5000.000197527879 289.612491811255 328872 5361 -11.726495631153984 3.372096344428724
12 -2744.9813790303747 1.8901344390190792E-16 4074.422790827494 -2744.394362858784 2.0569082255224916E-16 4073.5667980376447 -0.026620798573862594 1.7119213396248533E-21 0.13629851102103538 0.8247065227327945 -7.854557651389698E-17 0.5655609172750103 5000.0 5000.0001735500455 123.9685624523231 776070 11623 89.50881764914281 0.5638085698240841
13 -2744.9813790303742 -2.7796978205589476E-15 1549.4924602562476 -2745.1822885685074 -2.712965137809945E-15 1548.6049518628438 -0.05042476558724995 -5.124419423733052E-20 0.12939588107443617 0.9753217618808184 -4.142066826533756E-17 -0.2207882731595354 5000.0 5000.000173628337 150.55605605390753 683731 19647 244.21654519394386 2.519599985858
14 2744.9813790303742 -4.931681112115728E-16 9751.858025179095 2745.894479910185 -5.08341169304735E-16 9751.204732345022 0.027001677294722276 -5.012361231107214E-21 0.13622356776034927 0.5818737433403797 -7.611975803795066E-17 0.8132791306665779 5000.0 5000.000164822674 74.27899635215816 1007652 14455 268.4549477402758 0.5210025577209483
15 -2744.981379030376 7.5714642831238E-13 8683.99808345155 -2743.596821983837 7.571331699498433E-13 8683.643783954458 -0.14148718235547997 3.902876626557807E-17 0.3527692678361483 0.2479058087446044 -1.3983728921736447E-17 0.968784139962936 5000.0 41461.4175546046 107.54156296639374 773115 11062 356.866288308629 2.477805703738783
16 2744.9813791158726 -2.530774835937985E-14 4507.529016117637 2745.18382626098 -2.5242032171745364E-14 4506.408298933616 0.13699665210284034 -1.2653686052674558E-18 0.022756559138264368 0.9840732048958565 -5.635856045710012E-17 0.17776368029749895 5000.0 4999.998239416587 58.65954762825429 877262 21826 -489.2890980188363 3.4716747053428567
17 2744.9813790303747 5.993191203888702E-16 6611.637747340861 2746.095221316953 5.461698318522703E-16 6611.400284482479 0.028803768841497573 6.0570475667175654E-21 0.13585394337559023 0.2085067578463919 -6.358063104513265E-17 0.978020925766679 5000.0 5000.000175368205 67.45303621845696 880402 24417 246.21880158891165 0.3699286556068574
18 2744.9813790303747 2.4375063887904383E-17 6613.662882583331 2744.1836380917825 5.2702564228101273E-17 6613.992870916155 0.026057000341511854 1.0525270124892773E-22 0.1364074183070466 -0.3822416490903159 9.094597320806948E-17 -0.9240624012002359 5000.0 5000.000176898959 67.45924948464591 879522 25321 -204.51459631427306 6.073541332830927
19 -2744.981379030375 1.0659332248448141E-16 7610.894388403913 -2743.9441384202487 6.094374887166516E-17 7610.595436533932 -0.07506464930698105 2.5441903474718456E-21 0.11683856147066228 0.27694499704607645 -7.296934017858943E-17 0.9608857727718796 5000.0 5000.000173248116 109.83258716182107 943983 25928 493.8907691291597 5.796711304595947
20 -2744.9813790303747 6.640834193707698E-16 1978.2172415942184 -2744.0641043789633 6.414890704530389E-16 1977.6667690267523 -0.0524717940780801 1.2463610897511703E-20 0.12857939903388677 0.5145698311654949 -7.937172195226642E-17 0.857448475934914 5000.0 5000.000175240784 144.22095540677137 702190 12409 -269.99706842612 3.162620599095948
21 -2744.981379088074 1.112256969555349E-16 9159.847332341942 -2743.9295702670925 6.406234707393452E-17 9159.560324212587 -0.06603051836220929 2.3473490431855563E-21 0.12217168926817124 0.2632464658222471 -7.15575324955314E-17 0.9647286147894251 5000.0 5000.000171066528 106.68218280569049 1002727 15026 507.476658085359 1.456831302695932
22 2744.9813790303747 -3.1846192139191043E-17 9795.869721436906 2746.07953307703 -1.1142375716462716E-16 9796.067189233252 0.0455856186233086 -7.365769542906458E-22 0.13117889451921205 -0.1769794308274998 -3.9610581062470646E-17 0.9842145499865125 5000.0 5000.000165471239 74.34615899550973 1017944 27588 -467.813071526538 1.8454501164527204
23 -2744.981379030375 -5.8733731090340205E-15 10384.887338350873 -2744.107017645244 -5.891643312628973E-15 10384.311384043525 -0.0683853681299194 -1.4650884757632735E-19 0.12086931915909126 0.5500940554436339 -8.183378957228725E-17 0.8351027053880333 5000.0 5000.000138031254 104.8060636310659 1051872 28015 -141.89730236676036 5.241266380897489
24 564.5815163425816 -5.385293219575896E-18 14663.993697025551 564.506787152001 -6.046877850191194E-17 14664.957219561802 0.004072955702105382 -1.8737280699852105E-22 0.1388141253662648 -0.9970058543663459 7.466855850706375E-17 -0.0773261004237275 5000.0 5000.000001523804 87.79513212668527 1198205 28880 -500.3445504419891 1.138081256372792
25 2744.9813791521533 -2.6154271738920174E-14 -5372.656599186513 2743.998039122622 -2.6093275789765586E-14 -5372.779882579114 0.1387028285196354 -1.3235323187645875E-18 0.0068905308992209145 0.12439824432975992 6.658585572155796E-17 -0.9922323704375358 5000.0 5000.000971231142 297.0632596034734 485350 7619 -277.26796036270775 1.2607165038668569
26 2744.9813790303747 -2.5897843910615053E-17 11769.674519634591 2744.885374318575 -7.761085068184853E-17 11770.597757200969 0.04313641208567272 -6.034776285210351E-22 0.13200454704743972 -0.9946368071144418 7.824352396889739E-17 -0.10342930500976057 5000.0 5000.000032953892 76.87186882341159 1097539 30090 -495.91838027417214 1.6835055000548473
27 -2744.9813790303742 3.501195492223286E-16 12918.965045304094 -2745.837943134424 4.0803030371448937E-16 12918.87647613646 -0.01561693783541315 1.9300746810687727E-21 0.13799297666776245 0.10285214349666875 6.2587466218333E-17 -0.9946966561870847 5000.0 4999.9999982702 101.99563182850996 1132977 30590 38.44289710005756 3.971898446759483
28 1726.7836805278223 -4.161853462729797E-12 14663.993697355081 1729.3036775078913 -4.161933364965698E-12 14663.67683041359 0.07085212773012818 -1.7058124513288022E-16 0.6174563869013268 0.12475860167785693 -7.071941845263257E-17 0.9921871249352807 5000.0 141278.52098148828 83.28396638499953 683245 12833 -400.243103017092 1.7887263196347019
29 -2744.9813790303742 1.2896128655722463E-16 2534.8046024272585 -2744.0435214798163 1.0539058243266019E-16 2534.252274750825 -0.03374899586212843 1.4251945325792182E-21 0.1347106391598951 0.5074615294618527 -7.778805504348748E-17 0.8616744149459281 5000.0 5000.000173894185 137.27961651678177 716120 13167 168.61433494786095 4.125695767851983
30 2744.9813790303747 -1.2120010337621915E-17 8340.840203579306 2744.186628207453 6.158372983386787E-17 8340.438642748626 0.03898700939825327 -3.5082733322692286E-22 0.13328902480555638 0.450969966846267 3.8709457108436666E-17 -0.8925391244399311 5000.0 5000.0001767528165 71.7835572661173 955617 15186 -405.6450349141312 0.16226843902995128
31 2279.886341494946 2.4568121677030155E-16 14663.993697025551 2279.5605844811466 3.2073244113514406E-16 14663.105426403397 0.011799555043484242 1.177845307709794E-21 0.1383716765695257 0.9388565742676256 -2.6780358603421282E-17 -0.3443084875023896 5000.0 5000.000003242568 81.16268461298287 1201875 32054 -40.213082061314125 1.7947142703246943
32 -2744.9813790303742 1.3117495048505974E-16 223.90122943344937 -2745.5847387820227 2.0626499915962543E-16 223.27771400188448 -0.060261665293705705 2.581411343653026E-21 0.125117875298923 0.7186264925880935 2.2116892963424187E-18 -0.6953962635915621 5000.0 5000.000173556967 175.33685074480644 634626 10323 280.5315505728393 3.833975932142769
33 1767.3314248195688 -3.120047549197877E-16 14663.993697025553 1767.9227678987022 -4.02302703619497E-16 14664.865611292824 0.010410494809447541 -1.9717395715942522E-21 0.13848311073883385 -0.8276138021004171 2.5019621571660763E-17 0.5612979532327689 5000.0 4999.999999611127 83.12775391450579 1200009 32361 144.02117544214533 1.844045177285207
34 -2744.9813790303742 1.116179047573578E-16 11618.662481234029 -2744.3903200480063 1.2846868069799716E-16 11617.801076033085 -0.020027936209150932 7.25749803983159E-22 0.13742209532191668 0.8245586555331229 -7.810269343366786E-17 0.5657764781223162 5000.0 5000.000038909545 103.29274179734256 1081582 18970 235.93285600163765 2.1190042143412158
35 2407.285291659619 -5.0164092205124235E-18 14663.993697025553 2407.1601538126574 -5.5525278091112E-17 14664.930363477351 0.019776586672128206 -1.5245084127298484E-22 0.1374584918725622 -0.9911933500649052 7.86635436827995E-17 -0.13242259463906966 5000.0 5000.000001241617 80.67730636484383 1204945 32830 -391.5091216139759 0.8433363515569282
36 -1007.835397327426 9.245097635631467E-17 14663.993697025555 -1006.981574397357 -4.469465766291836E-18 14664.720306944004 -0.03551289508159297 2.8177174269360753E-21 0.1342564138393996 -0.6480938552415849 -9.62159512905296E-19 0.7615604735293034 5000.0 5000.000002770782 93.93167450935766 1202786 20442 -356.1447868577873 5.423178512625014
37 -2744.9813790303742 9.506159919066259E-17 6279.2256409727115 -2745.799321988577 1.251846547497088E-16 6279.551256332957 -0.03156197854912854 9.429558982129764E-22 0.1352397594462226 -0.369860820893091 8.609203527184472E-17 -0.9290871732749013 5000.0 5000.000174009465 113.61268080856466 868237 13157 285.23273866460755 5.160318399765074
38 2571.785071821625 1.4650268529861464E-17 14663.993697025553 2572.899221408028 -6.58423299249722E-17 14664.191630167148 0.01490960319835677 -1.8987301641693287E-25 0.13807119214717986 -0.174915207420493 -4.090868474809717E-17 0.9845835008652665 5000.0 5000.000001293243 80.05257789947356 1203457 17897 -174.96615570437032 5.50313428869324
39 -2744.981379127758 -5.7121879483235095E-15 -2534.410366933007 -2745.9070463412795 -5.663851126054112E-15 -2534.2782551131954 -0.12179786118537218 -2.535066984395441E-19 0.06671702048187723 -0.14128892717863265 6.607936387798936E-17 -0.9899684037463949 5000.0 4999.981439564931 222.7159416869171 561129 9373 -321.6589704596808 1.832254836137149
40 -2744.981379030379 2.2606680889098483E-11 -678.4553058496062 -2661.279807754027 1.9737904266908303E-11 -332.5196359583247 -0.9878570699520995 8.139657227178367E-15 0.15284233574296652 -0.9719539848565291 7.462362871867888E-15 0.23517111074297264 5000.0 1.781359844256883E7 193.8831054650903 553090 8798 -292.532196566737 5.267252782210159
41 -2744.981379030375 -2.1189268182216907E-15 -3806.3392979276587 -2743.967104129316 -2.210897651880699E-15 -3805.8533659909344 -0.10388867522484962 -8.046380123623442E-20 0.09215798495517728 -0.4320660992227361 -2.936385030989536E-17 0.90184194095213 5000.0 5000.000175578796 234.20234787473117 494029 7236 -248.54043014567054 2.6135539210510847
42 2744.9813790303747 -1.7809032752357456E-16 -4433.853456059099 2745.2443847056406 -2.5141319600719773E-16 -4432.941899677059 0.06972825175707047 -4.87274277045713E-21 0.12009963341396242 -0.9608076687993072 5.310045756298789E-17 0.27721584132391686 5000.0 5000.000177760384 301.76148818722976 447545 8296 -123.13022925962127 3.64498116977323
43 283.78010061334874 -1.726911930027701E-17 14663.993697025551 283.55606767330744 -6.004896219906945E-17 14664.903252867285 0.014322557134675465 -1.8218853687671465E-21 0.13813332227032432 -0.9709796189154615 8.372500571200834E-17 -0.2391622462925878 5000.0 5000.000000198194 88.89134071411341 1197631 19385 -98.00045072880033 5.500342068063676
44 2744.9813790303742 7.889848324678698E-17 13920.21288811446 2745.9505200159365 5.482132540936898E-17 13919.645040765152 0.015466115058782318 3.584562701289004E-22 0.13800996215911943 0.5055407357508473 -7.498857679381576E-17 0.8628027377957773 5000.0 5000.000001739841 78.84474331785471 1173701 20786 -94.31719848966382 0.41675460021069666
45 -2744.9813790303747 2.6259378822639653E-16 4791.972355641654 -2744.3141821722247 2.7151502830205843E-16 4791.163203516801 -0.028063445814553088 2.5754143266330318E-21 0.13600880133645155 0.7715387830560329 -7.974241141607908E-17 0.6361822897539265 5000.0 5000.000175839652 119.80533822218904 805548 12329 -104.28552556763375 2.5255322539134224
46 2744.981379790596 -3.099307493210889E-12 -3964.6376627133113 2741.7649814433885 -3.0930898235979256E-12 -3971.7130179126134 0.8701646031359123 -9.82699211329356E-16 -0.207573764562239 0.9103505883595094 -8.701388433139895E-16 -0.41383789832972556 5000.0 632412.2522539555 304.69742219313025 467682 8484 268.06227695619503 6.001347804003072
47 -2744.9813790303742 -3.7274519149962697E-16 112.27030208694018 -2744.671438607022 -4.552159983000154E-16 113.3076834661738 -0.06103417758923331 -8.52469108793633E-21 0.12474285628867343 -0.9581495351205046 4.51579285651013E-17 0.28626817448004344 5000.0 5000.0001750730835 177.65789624807388 630296 10773 -273.7524151846281 4.729363726541201
48 2744.9813790303742 -3.9276331749201916E-14 1960.523561175077 2745.9686828926874 -3.930886241361232E-14 1960.2505524791238 0.13875128330563513 -1.9875186056636044E-18 0.005834511145598033 0.26651772277433605 -7.358850920972272E-17 0.9638300180694412 5000.0 5000.002571731134 35.53522549615688 785562 12269 445.5525445939086 2.8065399701776355
49 -2744.9813790303742 1.4722307569365695E-16 -2124.0146432958427 -2745.3289213678036 1.1128365787268399E-16 -2123.07342212159 -0.06861674085637291 3.3420972927082466E-21 0.12073812114137417 -0.9380917728056729 8.189784388068577E-17 -0.3463868157702456 5000.0 5000.0001733496665 217.73202606829142 542788 9385 226.31726481812842 0.4902817265213604
50 2744.9813790303747 -5.879511208529376E-17 5600.552496285685 2746.045048030444 -1.419338163121159E-16 5600.8406307622645 0.05296422424999369 -1.3772107763268627E-21 0.12837734218600963 -0.26146405173434856 -3.306028937720697E-17 0.9652132149983655 5000.0 5000.000177203158 63.88928362917138 849752 13964 -404.0512725210096 6.123423712932552
51 2744.9813790303747 6.328348671723188E-16 -4262.047652403822 2744.1372949819984 6.730877279712438E-16 -4261.867255085439 0.05494621741074558 1.2354578155637958E-20 0.12754161773905554 -0.20899976591474662 8.545535335507245E-17 -0.97791569018517 5000.0 5000.000184068573 302.7836512633423 447705 8194 -20.16711175018734 6.117981483335887
52 1867.6013552331672 -1.014593591518519E-17 14663.993697025551 1868.7396315083588 -7.899904091350336E-17 14663.980226487318 0.01206092126994763 -1.6236230557574116E-22 0.13834914002822976 0.011833327283662355 -5.34179219595581E-17 0.999929983811994 5000.0 5000.000001281329 82.74190355933311 1201150 20158 -289.8168950836661 0.8645215344159408
53 -2744.9813790303747 -2.4808245008504713E-15 -1539.424021682748 -2745.401052726884 -2.5161846349453522E-15 -1538.4166151380332 -0.1300701979529766 -1.1790525858815934E-19 0.04865896817812542 -0.923102631388469 7.521088888235312E-17 -0.38455367861091844 5000.0 5000.000319930748 209.28431910537788 613162 11972 364.5077235270939 4.282155111492416
54 2744.9813790303742 1.0333122456786012E-16 2896.6004803516034 2744.6579961713446 1.7959508490825422E-16 2895.6932558353355 0.029033585704698002 9.46544413802226E-22 0.13580501440996753 0.9419475707991268 -2.6536132313228598E-17 -0.33575999389672334 5000.0 5000.000177365186 46.53946963900287 728901 13930 -88.61427642115005 1.9091352323319881
55 2744.981379251873 -1.9756595854184834E-12 8897.271537365332 2744.762206507662 -1.97554993193696E-12 8895.88715989179 0.30248094746752713 -2.1773148929814266E-16 0.5346246184318307 0.9876983818594992 3.254706822202237E-17 -0.1563710542971079 5000.0 136571.63310832193 72.85398774472262 804649 13458 -505.7726040956088 0.33726037458073427
56 -2744.981379069909 -3.920805603429192E-15 13651.25723853147 -2744.40689246692 -4.0143745897446975E-15 13652.2108250859 -0.06510261773627421 -9.322553334110466E-20 0.12266865746756404 -0.856566333560601 2.439308813120728E-17 0.5160369342028923 5000.0 4999.999999329168 101.36936539865786 1184754 20421 -514.3022945604145 0.3761549253134991
57 -2744.9813790303742 -3.5563768530228836E-16 1696.5719071219976 -2743.861835856196 -4.162159010613689E-16 1696.4416958674983 -0.03385573365529122 -4.514395064278368E-21 0.13468385326449422 0.11552870932739458 -6.193730940278468E-17 0.9933041414078713 5000.0 5000.000175719946 148.28131554331512 681694 10312 -110.2917965887923 2.2988962249124296
58 -2744.981379082906 -2.6928495533518626E-18 -6415.931579486123 -2744.638356946942 -8.837996278317304E-17 -6414.8667060607995 -0.09790897481264665 -5.394000934451689E-22 0.09848747976340895 -0.9518353103724257 4.009115914860497E-17 0.3066097547190775 5000.0 5000.000172431964 246.83690513324768 383424 7750 120.47368637483012 3.609841463363548
59 -2744.9813790303742 1.1043209161094424E-16 2519.203987533409 -2744.2735873645493 1.4638411562379318E-17 2520.0592420548933 -0.04171968641035653 1.4752321587164667E-21 0.13245912120481057 -0.7703966128498502 1.3736430939685084E-17 0.6375649447351108 5000.0 5000.000173883632 137.455872566676 718898 10879 257.63660017472773 0.6420250822741687
60 2744.9813790303756 -5.313793269778747E-15 6017.694995660201 2744.585223052761 -5.3391972435465105E-15 6018.460791045696 0.11301075797448949 -2.195798932202523E-19 0.08071257414180481 -0.8881916503838273 9.421611160122514E-17 -0.4594731680846931 5000.0 5000.000178628389 65.47982238688851 901685 13569 -177.754774647274 6.002705353282969
61 1968.789480273902 -2.0310776197058222E-18 14663.993697025553 1968.1819561942057 -4.6072734891487144E-18 14664.633761261754 0.023578018878194305 -1.8175753836680213E-22 0.13685769029995487 -0.7253031876480325 9.714765170043016E-17 -0.6884295785580039 5000.0 5000.000001288818 82.35318982367195 1204849 23018 -498.4375668470237 1.4549001639373373
62 2744.9813790303747 6.486490844899165E-18 -414.46711832649527 2745.902659052603 -8.929778716052782E-18 -415.1237570663614 0.04511480129190172 -1.0604963288063205E-22 0.13134156136325043 0.58040770480707 -7.54111083299992E-17 0.814326038136207 5000.0 5000.000177149603 351.41371925231243 600416 8926 -165.64056644200588 3.043937646961497
63 -490.3081783604178 -6.110935253197958E-13 14663.993697025553 -490.4009429157115 -6.109980739946435E-13 14663.039002789117 -0.005858625662946552 -7.233071969923852E-18 0.1951719710543132 0.9953124760749199 -3.272968995857787E-17 -0.09671129820793047 5000.0 10029.007332560515 91.91503951110035 1090225 18257 -505.3458811645455 6.058241820176663
64 -1980.7297678369807 1.590925784590056E-16 14663.993697025553 -1979.7995077559747 1.3761614021919088E-16 14663.417323478947 -0.023703925240265024 1.7738939858363685E-21 0.13683593932509067 0.5266837372182162 -7.761287260515424E-17 0.8500613163493049 5000.0 4999.999999793806 97.69263276817779 1204231 19708 -177.59431379790595 2.9356902188244325
65 -2744.9813790636726 -2.4722811951004305E-16 4029.730274139494 -2744.0275132141687 -3.431487877393755E-16 4030.340572629096 -0.04131505805375506 -3.8801530737649174E-21 0.13258588540377664 -0.5389436489618993 -1.3075602276959413E-17 0.8423418202592304 5000.0 5000.000175398727 124.26200263176187 780239 11898 -297.44224742247985 6.268725961640007
66 -2071.1943513395167 9.581479472019085E-17 14663.993697025551 -2070.093934380597 4.410481908456186E-17 14663.739691702694 -0.013577909899182394 5.556843309062676E-22 0.1382085045119275 0.22491242763455427 -6.617552238172896E-17 0.9743789815834233 5000.0 4999.999998183173 98.03947826553825 1202044 18856 289.42301879293126 1.5269749865428255
67 -2744.9813790303742 7.699145210330547E-17 13360.97354333226 -2745.0792742306658 1.4035748461016968E-16 13360.03961967081 -0.03041861074982994 7.085781449002698E-22 0.1355015072943506 0.994551096189182 -4.8073663415810963E-17 -0.10425025352969604 5000.0 4999.999998797925 101.60974124487856 1157197 21723 454.8815899781181 2.5457298743277144
68 2744.9813791446154 -2.9598551311526556E-15 1518.6887564269005 2745.8947355837463 -3.0412695798702666E-15 1519.1064289541462 0.1146948520122455 -1.2442311545748399E-19 0.07830097039242351 -0.4158735384298534 -2.145552056430532E-17 0.9094224534100612 5000.0 5000.000178612845 28.954006446695306 720634 13490 -418.540272836653 0.23549576996952767
69 2744.9813790303747 -8.530894852482167E-18 11668.00072417189 2744.4423242120315 7.20728103339053E-17 11667.236639532463 0.035092500043842394 -2.7054415328398325E-22 0.1343669116709348 0.8171185033302764 -3.6214881678927064E-18 -0.5764697307132547 5000.0 5000.000038869719 76.76148343779286 1089936 20052 -454.3230048837398 1.7430244538444102
70 2744.9813790303742 1.9434213387660783E-17 554.8610693294426 2746.09952617464 -5.640422427791153E-17 554.9792697617256 0.04067613623353383 9.60383025078637E-23 0.13278329329324434 -0.10512523600119057 -4.4813610916180595E-17 0.9944589902169015 5000.0 5000.000177082432 11.427591054012156 638110 11449 -166.7371322594708 3.6348509776228304
71 -2744.9813790303747 -1.224676868752115E-13 -5454.082970925377 -2745.8763401404303 -1.2240510483289707E-13 -5454.420764958926 -0.1764838485288366 -7.864014991778856E-18 -0.04348461782135203 0.35312392437834345 5.23253420427905E-17 -0.935576558092056 5000.0 8656.154716235607 243.2843787315031 496423 9410 -299.59409851796784 2.2807893507597994
72 2744.9813790303747 -6.578287180138432E-17 -4625.3929544527855 2745.8644051556603 -7.498517069880779E-17 -4626.106432395215 0.06415598927088849 -1.865523523557119E-21 0.12316639184982697 0.6284781186522375 -7.557274949864681E-17 0.7778272662877241 5000.0 5000.000178119613 300.68739650096074 437032 8549 -78.27162459240347 0.6980711886556267
73 -2744.9813790303747 1.2603360705132337E-16 1053.3115576849816 -2745.847027671209 1.7416179857261565E-16 1053.392335469322 -0.04168700538655225 1.7117383681351267E-21 0.13246941007749144 -0.09291110535747155 7.22584018523467E-17 -0.9956744074933115 5000.0 5000.000173843579 159.00706021538 658968 10271 199.87105319056644 5.967814292668383
74 -2744.9813790303747 1.0818511697088726E-16 3711.7971735254473 -2745.4451238286165 8.593964272218677E-17 3712.62280471618 -0.03464924625677812 1.1996814736711165E-21 0.13448189751279377 -0.8718789384890695 8.961713082349146E-17 -0.4897214711974728 5000.0 5000.000173956023 126.48399694570134 764610 13699 231.76665199648144 0.3593933745684948
75 -2744.9813790303747 -3.819760136361242E-16 -1262.7078647112342 -2743.8705842026234 -4.638578846061663E-16 -1262.4834620587485 -0.06020398108376697 -8.612453399869954E-21 0.12514564191709218 -0.19801951101017834 -4.3858132370151606E-17 0.980198078927065 5000.0 5000.000175105988 204.70271328221997 573627 10532 -219.00873589129782 0.14288895095964002
76 2744.98137909451 8.371431328769831E-16 1404.4935274664265 2745.2380196331715 7.638035528663973E-16 1405.405646345565 0.07010466832934026 2.084203477395643E-20 0.11988030078864725 -0.9626214741308551 5.31263632045829E-17 0.2708503235108043 5000.0 5000.000177622978 27.096949500677223 685770 10501 -293.68168715923645 3.1370271318989595
77 -2491.3131421097705 1.9313217564333116E-17 14663.993697025553 -2490.4761328175373 1.007510606409452E-17 14663.314186877249 -0.024948535057712256 1.43574231069295E-22 0.13661449760143551 0.6302797499995426 -7.953023049734213E-17 0.7763681062880979 5000.0 4999.999998121221 99.64209914539677 1206346 17486 379.0987308836934 4.568200534733495
78 -2744.9813790303742 1.8960127300386514E-16 3710.751323375524 -2743.9544922162345 9.716421620412387E-17 3711.2316179468503 -0.027323147856511278 1.762495648101184E-21 0.13615945290150577 -0.4236681330974341 -2.3038245467878758E-17 0.9058174828455693 5000.0 5000.000173540855 126.49171626568291 761501 13535 89.19665039265755 0.8489924598032669
79 2744.9813790303742 2.424721186562403E-17 6794.7127339089975 2745.101556314026 8.007535547815689E-17 6793.696551016308 0.02573363436478417 1.0255834352209996E-22 0.13646879166447873 0.9930793904919647 -5.804971569472269E-17 0.11744498466758253 5000.0 5000.000176896917 68.00189031487925 886788 16884 -204.61800220147856 3.1563848577304667
80 2744.9813790303742 5.2993945942520425E-17 2316.7783487559004 2744.9243140472418 -2.1015710034609893E-18 2317.719252301571 0.03228153305061221 4.667045706105203E-22 0.1350698103226208 -0.9981659001039248 7.527381934978927E-17 -0.0605378958557881 5000.0 5000.000177081864 40.16453725064876 706545 11806 -131.52157473015168 4.560617521968938
81 2744.981379030375 -2.797585785583924E-15 -3758.39110361096 2745.8892575140803 -2.881085715718328E-15 -3757.930900825542 0.10301815386111826 -1.0604328802685973E-19 0.0931300757564524 -0.4521297544413672 -1.8987131000492417E-17 0.8919521761179426 5000.0 5000.000176731712 306.1429260513188 495501 7582 248.28141270914105 4.09200305950871
82 -2744.9813790303742 1.842161206876214E-15 476.97875501061964 -2745.853105775513 1.8873087806861785E-15 477.1152848183852 -0.06457431586783122 4.3085285669467185E-20 0.12294758541810191 -0.1547336634759437 7.348415171917312E-17 -0.9879562203943711 5000.0 5000.000175307048 170.1424859610811 645731 10903 -103.4978493604329 2.2568327919658633
83 -2744.9813790303747 1.4794125295235438E-16 -4604.512194892235 -2745.636147098882 1.4528097474204592E-16 -4603.80459720114 -0.08090973696314717 3.970291483172961E-21 0.11286968364299306 -0.7339752247240636 8.832307929653316E-17 -0.6791762429386413 5000.0 5000.000172985445 239.19870344424697 447709 8359 160.6067782613551 0.0975912867947331
84 1285.0652110847864 -5.758034225839814E-18 14663.993697161666 1285.543529229115 2.307381720579886E-17 14663.055649278058 0.006275500875051902 -1.1897005630411396E-22 0.1387320022840662 0.8908686166796126 -7.369849935646277E-17 0.4542610576876121 5000.0 5000.000001425657 84.99173313872451 1198975 20256 -176.6375437202237 4.921056720996007
85 -2744.9813790303742 1.2736867264597036E-16 855.5187103487093 -2745.6265221753415 2.0273074702310729E-16 854.9341995348142 -0.042564458691570786 1.7681736135485177E-21 0.1321900823837497 0.671424711649325 9.710259902123483E-18 -0.7410727735935771 5000.0 5000.000173830871 162.68949350127633 651285 10042 199.66888843074355 5.0405175763931505
86 -2744.9813790303747 9.671988906181435E-17 7277.886256231073 -2744.08393082897 -3.788712409282921E-19 7278.573523289313 -0.04722755640020566 1.431259213725733E-21 0.13059674169289628 -0.6079987764671886 -6.18228005271979E-18 0.7939379621097238 5000.0 5000.000173832686 110.66483982218321 916727 15358 421.2759382161509 3.1787655619415185
87 2632.5052923836406 -3.542226598092213E-18 14663.993697125441 2632.569222943195 -6.726782628656425E-17 14664.95557407108 0.02643863147923044 -1.6585596278473122E-22 0.13633396177707416 -0.9977985341655002 6.70759743398515E-17 0.06631806583471128 5000.0 5000.000001254211 79.82257220461514 1208286 22846 -455.66289435110343 4.012336822449622
88 2744.9813790303747 2.4657208595723188E-17 5519.1519428147085 2744.174001218798 5.524298150641617E-17 5519.455000095924 0.02818618175415287 1.1796680599225312E-22 0.13598341882068576 -0.3514188546128489 8.994637908777463E-17 -0.9362183444179781 5000.0 5000.000176911894 63.5562852504571 835688 13699 -203.83446803239931 1.4691265950100196
89 2744.9813790303747 -2.0238193338673532E-16 -36.577389344698304 2745.971031825843 -2.275210690330308E-16 -37.140949647993054 0.06992053429269894 -5.4889156128275985E-21 0.11998779072354687 0.49484393431004375 -7.299668538160947E-17 0.8689818643974462 5000.0 5000.000177557396 359.23656822425625 627355 10084 -303.7131465228476 4.504736452879457
90 2744.9813790303742 1.0049114756385941E-16 5431.095889301984 2744.7117713187768 1.747008004959392E-16 5430.167878079016 0.024280164534155487 7.639329406247349E-22 0.13673486990431613 0.9602949256049684 -3.1450327209219345E-17 -0.27898683879573183 5000.0 5000.00017731061 63.18707940488708 830485 13979 -90.71854348138567 1.3121623427571931
91 2744.9813790717817 -2.1215235815023504E-16 642.0038069924292 2745.3432105972483 -2.901714011577871E-16 642.8942734395648 0.07055089418165345 -5.789457625199283E-21 0.11961823593715681 -0.92643772207272 4.4828112742582217E-17 0.37644806700827743 5000.0 5000.000177571578 13.163872817261016 655414 9862 -325.9171787109171 3.7238399844044925
92 2744.9813790303742 5.242079239610009E-16 6178.415902310842 2744.676416476225 4.899774530731101E-16 6179.244829474812 0.07445614757583478 1.360232475233603E-20 0.11722727126035076 -0.9385015555265177 9.068178395656546E-17 -0.3452750072190468 5000.0 5000.000177685837 66.04511011362078 882883 15344 -376.1997131762883 5.851497808521165
93 2393.038888389125 -6.674936255063421E-19 14663.993697025553 2394.123679139885 -8.582137294873445E-17 14664.295692831225 0.014782649834654665 -9.357107221710965E-23 0.13808484215216746 -0.26819211474577764 -3.388370337439025E-17 0.9633654496396926 5000.0 5000.000001253076 80.73151816627129 1203036 22103 -237.3643280952056 1.8501294993087127
94 -2744.9813790303742 3.5549192161214724E-16 8428.965769697295 -2744.5769012037995 2.706776106180132E-16 8429.940443778256 -0.01942761721886064 2.434841540795415E-21 0.137508249586005 -0.923626511333761 4.0234189744916705E-17 0.3832937097441746 5000.0 5000.000171379237 108.03838449374182 951096 14556 36.577742893267065 2.6312346773783877
95 2486.429061513004 1.2056202405450268E-15 14663.993697025551 2486.3273207211255 1.1535387048430798E-15 14664.927476803136 0.029560034808310293 1.4095506127620875E-20 0.13569139512530023 -0.994116639365111 7.780569995486822E-17 -0.10831484704691216 5000.0 5000.000001409771 80.37644979955029 1208439 18641 -475.5584443720779 1.190551790911443
96 -2744.9813790303742 1.8771389344550562E-16 5764.01450493113 -2743.9437767095706 1.4895742775203414E-16 5763.611519861618 -0.02375918138904469 1.5184809513036144E-21 0.13682635829071818 0.36203501727133786 -7.256890197560128E-17 0.9321644950709669 5000.0 5000.000173580568 115.46506744134716 843916 14890 90.77979978717347 4.950393192313665
97 -2744.9813790303742 9.173710841459077E-17 6318.786820376595 -2745.840762870536 1.3552194539302914E-16 6318.931917386875 -0.038282224925990226 1.093590159572512E-21 0.1334931544294706 -0.16648218968329836 7.650020753740542E-17 -0.9860444611428348 5000.0 5000.000173958632 113.48089216136924 872723 14766 349.97814168476384 5.9256464268512286
98 2744.9813790303742 -1.238772676895355E-16 -2415.794062575326 2746.1009648160248 -1.8441421510954862E-16 -2415.9208394762436 0.06416066374844008 -3.2024690667619205E-21 0.12316395684422018 0.11251647896379802 -5.753146148529604E-17 0.993649858757446 5000.0 5000.000177470935 318.6497472849642 527291 8726 -196.38274638564903 2.2284737043015355
99 -2744.9813790303747 8.031080060949323E-17 12178.746859943536 -2745.823050180684 1.4306287417732137E-16 12178.56482888093 -0.028120459719620888 6.904263095713926E-22 0.13599702259728141 0.21138616588222867 5.375832881602751E-17 -0.97740262373224 5000.0 5000.000012261431 102.70171134183562 1107909 20156 407.3115120224117 3.799915888739887
100 -2744.9813791596853 -2.4471701210986357E-14 -1995.4888202751858 -2745.811871010303 -2.4406768668217493E-14 -1995.6917263244259 -0.19776224825738742 -1.7608104380906797E-18 0.09449277329713648 0.23733932566685453 4.4044608952729973E-17 -0.97142680843966 5000.0 12734.609792483516 216.01561350609114 549472 9857 -343.1758616055027 0.36700630131726175
101 2744.9813790303742 -3.879869896478329E-16 1349.5106288590448 2744.134370526907 -3.485088614125314E-16 1349.7049300467352 0.07997060259952939 -1.1697548681900491E-20 0.11353701493014093 -0.22358942874033982 8.700291911466901E-17 -0.9746834200121325 5000.0 5000.000177790112 26.180038882662874 689294 12360 -366.0676007839825 0.3822961974932491
102 -2744.9813790303742 1.5803790703877895E-16 351.0287613344981 -2744.0184003737654 6.250436577497999E-17 351.624088762394 -0.038550161817443224 2.035030424726494E-21 0.1334160262030024 -0.5258422469533638 -1.409990157544951E-17 0.8505821132571851 5000.0 5000.000173731476 172.7125573119014 628919 10476 129.20193075690884 5.7199200593431465
103 -2744.98137907479 -7.728718398266482E-16 3399.033005989535 -2745.8639612037327 -7.192875091590246E-16 3399.0434265283798 -0.08199248459146895 -2.3373973268116943E-20 0.11208560789818396 -0.011806054076319364 6.351826137245769E-17 -0.9999303052967278 5000.0 5000.000174635564 128.92355018958983 775265 12925 -416.0973245765932 0.8238197885715581
104 2744.9813790303742 -1.8807355667749706E-17 3344.931018292625 2745.8741455064214 -3.0350613527816836E-17 3344.239923754365 0.04472929066853131 -5.120702482751347E-22 0.13147334936362096 0.6121291608491686 -7.589131673017318E-17 0.7907577952542658 5000.0 5000.000177058831 50.62635688103313 753911 13509 -306.2971906149652 1.6297823722996863
105 -2744.9813790303742 9.06476153325238E-17 8361.087461509123 -2745.7508228568618 1.6206161184765273E-16 8360.6924884905 -0.028408662795530646 8.046299200588112E-22 0.13593711377832873 0.4566703806090752 3.3311930958067616E-17 -0.8896359717762345 5000.0 5000.000173800236 108.17523316630582 951992 15474 309.42882236155197 3.3996509876885965
106 2744.981379030375 -3.251821680281223E-15 7629.876804229978 2744.7099892876327 -3.170828391485122E-15 7628.860559155883 0.0966409114767843 -1.1510060482465427E-19 0.09973206740991522 0.9661423189061151 -2.997580701717209E-17 -0.25800972879394135 5000.0 5000.000178195522 70.21291958218784 955538 16761 -444.54839679772635 1.009294507590847
107 -2744.9813790303742 -1.9367822127486953E-16 -6087.636238053749 -2745.853112753146 -1.3041008563419542E-16 -6087.79167459545 -0.10537569325896494 -7.895956089790464E-21 0.09045393462433453 0.17553870220954304 4.7708039335370683E-17 -0.984472530975216 5000.0 5000.000172384535 245.72886884894424 401926 6726 159.10760975673662 6.102529023182588
108 -2744.9813790303742 -3.557198727724431E-15 -1769.3854328123077 -2744.03462596938 -3.64841861085729E-15 -1768.8468451592225 -0.13335729869394228 -1.7308394070115669E-19 0.03875305289504338 -0.49446724343826787 -2.8630987568570086E-17 0.8691962639738255 5000.0 5000.004698513854 212.80539221370992 610153 10126 364.42564642243565 2.6965656225595236
109 -1251.7330859819824 6.197413199819299E-17 14663.993697025551 -1252.571877738465 9.979187621671145E-17 14664.213027458509 -0.01095443947322495 4.522778823778568E-22 0.1384411449425746 -0.2529782205598368 8.307115450699699E-17 -0.9674719744324796 5000.0 4999.999998322508 94.87899739036723 1199992 21339 442.42165285475187 4.1010783170612815
110 -2744.9813790303742 -1.6005300649252416E-15 -8530.667069510715 -2743.931562841493 -1.6795489478757524E-15 -8530.433446043016 -0.12390830120655674 -7.2626099350629E-20 0.06271111466863974 -0.21722371201225385 -4.980670296918992E-17 0.9761218458150996 5000.0 5000.000170292358 252.1629645510872 318684 5740 72.31282703880365 3.376447783668384
111 -1689.1806358901758 -1.2999152413519135E-16 14663.993697025551 -1689.326619602389 -6.29171579042243E-17 14663.05302520165 -0.00909143325237913 -7.146930004793437E-22 0.13857595824828273 0.9881711348984706 -4.3000943455578497E-17 -0.1533551732775649 5000.0 4999.999999855984 96.57107601736756 1199859 19536 -149.76296575224498 3.293158262821997
112 -2744.9813790303742 -4.983273538009428E-16 11914.299878918398 -2745.7925990984036 -4.68801810064892E-16 11914.626214893251 -0.016875684962772263 -3.1114007336146815E-21 0.13784470143818398 -0.37321185072066143 8.755478297249275E-17 -0.9277461460861613 5000.0 5000.000024724971 102.97419466580064 1092197 18234 -58.80601453203788 3.4451464798650338
113 2744.9813790732874 -1.7322099622576794E-13 -449.2755223822301 2745.2058642393854 -1.7316672633771573E-13 -450.27711164757005 0.07224168984122954 -4.557240854002834E-18 -0.11868412626417317 0.975791444269361 -3.82442936816133E-17 0.21870312668115108 5000.0 5004.954593404624 350.7047245953825 979259 17006 -375.91391695745136 1.1423429145895119
114 -2744.981379030375 -1.154625440967831E-14 -1617.2971970288868 -2744.4370374405166 -1.1533256967543323E-14 -1618.026263154742 -0.13112159314142202 -5.511886136410532E-19 0.04543937647361767 0.801294860297058 -9.131024159133783E-17 0.5982696262669666 5000.0 4992.544328510123 210.50588191640418 612046 9534 -362.8697594970653 4.277859572803584
115 -2744.9813790303742 4.563931687858573E-16 -761.1185937774118 -2745.817819238761 5.202324343430167E-16 -761.3235080534396 -0.03713815285753025 6.005424333850083E-21 0.13381595051305142 0.23794736098812477 5.09512759920219E-17 -0.9712780517723066 5000.0 5000.000169898408 195.4974392699641 582978 9805 27.0568806453425 1.544689753783572
116 -2744.9813790303742 1.6159134497643025E-13 -156.2643585241621 -2745.4275287146347 1.6156298171618395E-13 -155.42902138809285 -0.08651804813906196 5.092577010954051E-18 0.23882952633560514 -0.8820736899043239 8.704244299739727E-17 -0.4711114598333868 5000.0 17329.41097074434 183.25817703991413 482831 7887 190.40861914041903 6.095743719132187
117 -2744.9813790592657 1.1140556256508633E-16 5061.20778932316 -2745.8522792749927 1.642297605867915E-16 5061.2183953205895 -0.05683711716229386 2.024674136245512E-21 0.12671027241840774 -0.012177297108963397 6.603168014061195E-17 -0.9999258541795513 5000.0 5000.000173656816 118.47349967991097 830732 13631 403.5817715555057 5.347900017569191
118 -2696.2074887725607 7.600076285608019E-17 14663.993697103791 -2695.074351436747 2.1491595546651948E-19 14664.097294008554 -0.027068910809915303 6.339174387257763E-22 0.13621022143780354 -0.09104513471125948 -4.8927580584759976E-17 0.9958467688724824 5000.0 4999.999998161275 100.41837315491141 1208841 19038 455.4171186556973 5.568735728411742
119 -2744.9813790303756 -9.351841992269944E-12 -13296.414581484361 -2751.863299881518 -9.316679307864973E-12 -13294.92886690454 -0.3049204365599018 -1.03945889271688E-15 -0.7825332071402761 -0.21102498975843031 -1.7958472991813378E-15 -0.9774806666323016 5000.0 430361.4228969855 258.33543034175415 360547 6107 -250.93091363809336 2.590468560010567
120 -2744.981379030376 -1.5548244292612944E-14 2394.24364137373 -2745.368137006139 -1.5593883232280366E-14 2395.3105012382325 -0.14117538344273695 -7.98752148258161E-19 -0.009486646862221747 -0.9401300580676828 6.78679909329852E-17 -0.34081589374563526 5000.0 5193.345399444641 138.90422271413175 813860 13423 478.7017902943003 1.7034899211544405
121 2744.981379030375 -1.254336472332974E-15 3761.748322396033 2745.641948505862 -1.339647572240955E-15 3762.462534558028 0.1000646320108292 -4.6281888614843604E-20 0.09629652362253073 -0.7341387768821552 1.3590793062097752E-17 0.6789994520441164 5000.0 5000.000178281641 53.88143644220904 800854 13737 -450.51289606615165 4.5788463981689
122 -2744.9813790303742 4.1882414243578565E-16 13313.882783393641 -2745.0291973569674 3.594299852229093E-16 13314.899462483407 -0.042696050086257084 6.325828951090604E-21 0.13214763589105566 -0.9988957409087291 6.960796555664143E-17 -0.046981906247257635 5000.0 5000.000000263891 101.64968398966204 1159946 18598 -488.2924705060083 4.152911146332254
123 -2744.9813790716457 1.0122711065338901E-15 8334.820650922611 -2745.735127040375 1.0839977542883992E-15 8334.403865658822 -0.05999958193839298 2.1909313703838547E-20 0.12524376709219254 0.48389985289322957 2.7923544587197743E-17 -0.8751233822031557 5000.0 5000.000174855912 108.22872926279932 964703 15224 -376.4735100645684 0.6741908473083811
124 -2744.9813790303742 1.1684882743437873E-16 3428.4055856353716 -2745.8390025015633 1.5332858205322868E-16 3428.6730872669027 -0.07230884889649072 2.7204508664819668E-21 0.11856382835271122 -0.29776212111214845 7.915277770477639E-17 -0.9546400992437476 5000.0 5000.000173319939 128.68279944511266 771628 12329 402.6566058856441 1.0827393095754652
125 2744.9813790303747 3.072514314373101E-17 -822.285434671578 2745.5398591190565 -5.65425978556581E-17 -821.4350518586083 0.04350297310305051 2.7859864680592996E-22 0.1318842006020861 -0.8358601340176328 2.780690127938735E-17 0.548942470641733 5000.0 5000.000177231638 343.32390987787153 583051 9040 -127.91621867591935 5.737321248671755
126 2744.9813790303747 6.194146192569628E-16 -3816.4674894541195 2745.918188639688 5.292433308739426E-16 -3815.941984960549 0.05187386284967262 1.1412722070072192E-20 0.12882178935987784 -0.48923479474458026 -1.3490987850743552E-17 0.872152116349347 5000.0 5000.000183432716 305.72544918646395 464525 8825 -21.185654792401223 4.10463752894891
127 -2744.9813790303742 1.0056200921583587E-15 -5180.569917044095 -2745.6037659736053 9.962988287108213E-16 -5179.784118752429 -0.10214390991221865 3.702173765429317E-20 0.09408811133014114 -0.7839017947179495 8.548803883879016E-17 -0.6208848337391168 5000.0 5000.000174225388 242.08263322364053 436321 7381 -146.90505141036556 5.756355454520834
128 -2744.9813790303747 9.840146659407863E-17 13699.6749998207 -2743.9975737674868 6.923040028111211E-17 13699.170304941863 -0.020174063281869898 6.334666997982305E-22 0.13740071880495894 0.4564450792697654 -7.551854072582994E-17 0.8897515878963572 5000.0 4999.9999983848 101.33022462650493 1166704 19538 311.3520960309367 5.0146444834987385
129 2744.9813790303747 3.931745229515406E-18 3519.6046406929413 2745.2169715460973 5.332899553396712E-17 3518.580523882666 0.03775604383199678 -1.2121640098106294E-22 0.1336429279476403 0.974545696129539 -6.301230912477438E-17 0.2241889501811876 5000.0 5000.000176970101 52.04890928674526 758031 11955 -258.6285931513818 1.8932520596189075
130 2744.9813790303742 3.180962592588596E-17 8417.781237336183 2744.153917440304 9.985296129131433E-17 8417.501547514032 0.02211372490277 1.4590217569345948E-22 0.13710191175150607 0.32021186917980976 4.913630953479467E-17 -0.9473459554581191 5000.0 5000.000176636401 71.93920374656244 951595 16570 -172.7623734605035 0.05456035364377779
131 -637.1034762623555 5.671205721066817E-17 14663.993697025551 -636.2307201006512 4.480616649064184E-17 14663.322441951785 -0.0013002279808621605 1.4991328757302248E-22 0.1388677779929723 0.6096560837511451 -7.783916281447959E-17 0.7926660445132861 5000.0 4999.999998407833 92.48775325773241 1198011 20362 290.6684997750955 0.8616205248247992
132 -2744.981379030375 -7.38318683792757E-16 1394.836294790378 -2744.0134066929527 -7.794005736535925E-16 1394.5254951488657 -0.11706695199422165 -3.1954361120798726E-20 0.07470796322386972 0.30571110863990847 -7.928821024491036E-17 0.952124318604936 5000.0 5000.00017223862 153.06303066500695 716894 12116 418.3019358884281 1.4090458824727812
133 2744.981379102668 -2.6904620821648967E-16 5493.529806672065 2745.960310894486 -3.551863106075953E-16 5493.948641917043 0.07399260632741614 -7.606942157670853E-21 0.11752040353808346 -0.39335830197363103 -2.182000364894672E-17 0.9193852545843441 5000.0 5000.000177658379 63.44983203059506 855458 15707 -451.249189251664 5.991297644026475
134 2744.9813790303742 -3.8183135960777903E-14 -5875.643031320375 2745.93521990219 -3.819861007212242E-14 -5876.1121132162125 0.13763330178008656 -1.9171160602559276E-18 0.018523831711003812 0.4413043743036929 -7.773350693066399E-17 0.89735748142586 5000.0 5000.028342656576 295.0410285141049 456154 8412 248.8383484746411 1.447440612628323
135 2744.9813790303742 -8.364040300607959E-18 13568.862130960852 2744.889691267212 5.938626513939497E-17 13567.864256587067 0.033786110220082335 -2.587078419308628E-22 0.13470133305219556 0.9958052919470686 -4.48331890197287E-17 -0.09149764850461943 5000.0 5000.000001652699 78.56340962104811 1167066 17647 -483.36936228096687 4.913548650793033
136 -2744.9813790303742 -5.862750107099759E-16 -3068.948781601882 -2744.2632689732823 -5.846864390828363E-16 -3069.6937668084174 -0.05171699801156932 -1.1255138057456084E-20 0.12888484452746343 0.7199739558743278 -8.194469681069663E-17 0.6940010823860785 5000.0 5000.000175900809 228.18937248496172 495923 8717 -62.1454373751325 1.3328866619569613
137 -2744.9813790303742 1.2117847161270054E-15 1995.985192160465 -2744.188971879813 1.2055254651244406E-15 1995.294866327153 -0.04790667434073576 2.0955743969867622E-20 0.13034915255721283 0.6568698915415623 -8.140257701260292E-17 0.7540039424680994 5000.0 5000.000172369218 143.9776085744343 700060 13211 48.49895799961277 3.1166238135727165
138 1300.732492828488 -3.1001975778560175E-17 14663.993697025551 1301.3805610190261 -1.2273156229587784E-16 14664.831800673923 0.012982852511289033 -5.433809608010538E-22 0.13826567147914842 -0.7910828087087861 1.977119457624117E-17 0.6117090735453026 5000.0 5000.0000014073885 84.93098947459539 1199635 20802 -414.38092528497185 5.584618017580699
139 2744.9813790303742 5.227999386514526E-16 -1028.6788731389681 2744.318041753743 5.28177038670657E-16 -1028.1149621412878 0.0381123201105718 7.048525339914825E-21 0.1335417616617445 -0.6476979697395437 9.785062094534263E-17 -0.7618971974552726 5000.0 5000.0001810927315 339.45656684430196 572434 9196 -26.819819050138705 1.6357412416224406
140 -2744.9813790303747 9.076759485776379E-17 8901.00736394313 -2745.061238664556 3.456873476462225E-17 8902.001134093047 -0.02730379319774331 7.751962913724293E-22 0.13616333536481637 -0.9967866685705682 7.268741035792952E-17 -0.08010204162335682 5000.0 5000.000172864832 107.13923768941409 973590 15918 309.69207167842217 5.27269962362791
141 1240.5321098435832 1.7295902904174632E-17 14663.993697025553 1241.4369108986687 1.7236809903548172E-18 14663.35108155649 0.0054680003505937136 -1.7004452828011532E-23 0.1387661750656795 0.5790457554916989 -7.701862263056828E-17 0.815295047320776 5000.0 5000.0000017449465 85.16445375769611 1198817 20029 -96.84223604100677 5.6156056909725685
142 2744.9813790303747 -6.351488073701309E-20 4170.487432788794 2746.1042225479846 -5.743121050186919E-17 4170.304572814952 0.0380676247097723 -1.7702629153173898E-22 0.13355450941548283 0.16073682411366874 -6.070285946209939E-17 0.9869973018957422 5000.0 5000.000176968172 56.64740814427884 784767 13291 -283.9089905551407 4.9980917351276295
143 1438.4537948198745 -9.098481644707739E-18 14663.993697114049 1438.1724773680746 6.464538716609582E-17 14663.082449534717 0.013020381129066482 -2.1432638116593027E-22 0.13826214248276691 0.9555034343863544 -3.083204334842734E-17 -0.2949799795075018 5000.0 5000.000001344642 84.3975361842861 1200671 19043 -442.35537209115745 1.6842049972040802
144 2744.98137909654 -5.925747091099745E-16 -4267.17977393997 2744.917461672354 -6.450866583745579E-16 -4266.285806907165 0.08672827534411187 -1.9175801882916816E-20 0.10846270002167836 -0.9974537308379449 7.736609854313386E-17 -0.07131658247442464 5000.0 5000.000177994802 302.75227098607326 464249 7744 -194.57096726631033 3.8621127975323195
145 2744.9813790303747 -4.3747087117507954E-16 -3933.8523779051443 2745.8564608016654 -5.255270177105986E-16 -3933.3018550989796 0.08183320991415158 -1.3458778540558011E-20 0.11220194648425516 -0.5324983438649639 -8.79479933008828E-18 0.8464310448656475 5000.0 5000.000177877026 304.9067392816796 474598 7923 -194.87868817008112 5.239640001351419
146 -2744.981379101556 1.828410825750971E-17 1239.3762370207555 -2745.7920827741245 8.710844447784311E-17 1239.0657619935878 -0.09274741945350302 1.77182674609112E-22 0.10336279410511556 0.3576400030901634 3.506766005345738E-17 -0.9338595340189333 5000.0 5000.000172823758 155.70052673275694 693141 10834 384.14315241980023 4.461038666498895
147 -1857.0768131052207 6.214532834133219E-17 14663.993697025551 -1856.6754703416018 -2.2521617925850544E-17 14664.969334473964 -0.019542540491118327 5.25863786088885E-22 0.1374919614668976 -0.9248083007296947 4.04771916469408E-17 0.380433446967795 5000.0 4999.999998237977 97.21762723998089 1203364 18114 471.217386379785 5.424634532034856
148 2744.9813790303742 4.952519764564275E-16 -74.1813195067397 2746.112020112139 4.2362233806693135E-16 -74.14188300257145 0.03485929929493137 6.09711343615946E-21 0.13442760245923205 -0.03485857549652106 -4.9675863542829096E-17 0.9993922553439812 5000.0 5000.000180655551 358.4519959473574 610057 9363 -28.427076723601864 4.9266593860083585
149 -2744.9813790303742 3.505213075553123E-16 11884.961977581219 -2745.843338595343 4.024360776430944E-16 11884.976033156658 -0.016363007657593912 2.0238482193545404E-21 0.13790649885231362 -0.01630437000664943 7.013957154384925E-17 -0.9998670747244186 5000.0 5000.0000215051805 103.00513384356904 1091037 17063 38.09713114113415 3.759351829024952
150 2744.9813790303742 -1.0896574194827093E-15 -2522.5979215227253 2744.661878126946 -1.1221772234672365E-15 -2521.769837930993 0.06514524988332572 -2.6218508984229168E-20 0.12264602500138937 -0.9329648716956416 9.124835077328762E-17 -0.3599674250564554 5000.0 5000.000175586511 317.4174428267418 522938 9856 102.34301554686859 2.599325985669998
151 2744.9813790303742 -7.031519309999446E-15 2371.232106738039 2745.742697904346 -7.115898873275889E-15 2371.8403288570057 0.11240000667214797 -2.888044124942759E-19 0.08156095595643097 -0.6241736739285078 -1.449562552282088E-18 0.7812856233089156 5000.0 5000.000177013331 40.821854488482415 753117 12089 413.3768451701453 2.9441152928208068
152 2744.9813790303747 -1.2312765978961363E-15 -6134.1994987550215 2744.52350624959 -1.2509596121999145E-15 -6133.465359051035 0.09298237991671827 -4.254337195177416E-20 0.10315148112706488 -0.8484989510965846 9.68958444266953E-17 -0.5291970612809095 5000.0 5000.000176292036 294.10794861624345 391736 6658 113.0713358599005 2.0097535552482135
153 2744.9813790303742 6.126253936834376E-16 -5928.01146364325 2745.243267202882 5.392318504410675E-16 -5927.09992658339 0.06991144499002826 1.518114979882284E-20 0.11999308703840703 -0.9611193323342316 5.300558024941863E-17 0.27613335356561436 5000.0 5000.000187845248 294.8466203453759 386745 6739 -16.15013266199815 1.2822225693397817
154 2744.9813790303747 -4.9492061224351475E-18 7670.805813889595 2744.4930311741928 -2.1276027281415007E-17 7671.547977200186 0.036123932381737014 -2.3164514511780957E-22 0.1340932979135368 -0.8353744310576366 9.597061294941323E-17 -0.5496813262112749 5000.0 5000.00017691405 70.31036011467393 927007 15943 -370.0204111940493 4.269900520671468
155 2744.9813790303747 1.6109182188663024E-15 2056.458617029758 2744.359326240576 1.610776703575358E-15 2057.0631653542996 0.05716518016151242 3.314949907931661E-20 0.12656260591084162 -0.696944902800344 9.909829825897191E-17 -0.7171246763936165 5000.0 5000.000177385609 36.8394622639825 706388 11328 -295.2849617384508 2.883705459277418
156 2744.9813790303742 -4.66732874793501E-18 13249.340665625417 2744.4204042132965 7.564552514136837E-17 13248.602162952247 0.030695077083484516 -1.949687339719078E-22 0.13543914727547524 0.7963113661320564 -8.166003235069029E-19 -0.6048869388038741 5000.0 5000.0000021858705 78.29512853588183 1152699 17461 -454.9829276625426 0.017047160113155706
157 2744.9813790303747 -1.547984077849268E-17 7931.756552177352 2745.6489205290586 -1.0585338633060932E-16 7932.550288389859 0.04061697408256849 -4.149217291859975E-22 0.13280140229873677 -0.7653233744077585 1.7506596548086244E-17 0.64364596780022 5000.0 5000.000176936743 70.91055045688053 939598 16495 -405.41573517680337 2.2415208528367034
158 1533.5014272339442 -1.0314061001157772E-17 14663.993697025551 1534.111498570814 7.042743110015586E-18 14663.111037452803 0.008729798437359366 -1.5209400160181924E-22 0.13859920991074973 0.8226284155399731 -7.647563475110286E-17 0.5685793616095498 5000.0 5000.0000013367 84.02993806346961 1199770 20616 -238.42769445369038 0.2504386653152444
159 -2744.981379030375 1.8679741920009957E-14 -4853.95514290787 -2744.6933199183172 1.8577836188266394E-14 -4852.519215522308 -0.28305836763257225 1.924942495645719E-18 0.37156430535210955 -0.9804657911991673 5.3947164686447425E-17 0.19668968489660613 5000.0 66920.48362046454 240.51121689088998 311287 5614 156.4020201323933 5.122578798432454
160 2744.981379030375 -7.170534655159175E-15 -7244.812902597443 2745.7482318247885 -7.251911247949033E-15 -7244.24915516297 0.12718687358760122 -3.333303007365565E-19 0.05576244462587249 -0.5923120808691326 -6.89662010699708E-18 0.8057086312656391 5000.0 5000.000178911598 290.7511570536651 376010 6204 -158.44755908095718 1.5965937798653622
161 -2744.981379030377 -1.4467479477438922E-14 10039.433748951134 -2745.1884411928386 -1.452814297584731E-14 10040.583184690393 -0.2045085925813268 -1.077142471562006E-18 0.17250172614865344 -0.9841588728819785 7.037590123893501E-17 -0.17728878495184064 5000.0 19333.179651997645 105.29205159051382 999797 18321 473.2577991052189 3.1459023820142686
162 -2744.9813790303747 5.744364597964759E-16 -3741.5326894197497 -2744.61842921948 4.899636142068267E-16 -3740.515724649738 -0.051378083909156345 1.05146130024132E-20 0.1290203220195535 -0.94181577857819 4.197347131775743E-17 0.3361294997439951 5000.0 5000.000167484672 233.73430647023926 468617 7663 21.080829991297037 1.9894240668620613
163 2744.981379090355 6.220274591364041E-16 -5808.33577387059 2744.342195786767 6.244064806503569E-16 -5807.754915965504 0.06861223994077245 1.5136510778892047E-20 0.12074067917018072 -0.6725346973375796 9.940535305052677E-17 -0.7400655925637981 5000.0 5000.000187467977 295.29511080591993 390988 6391 -16.446975792091123 0.2014821614203427
164 2744.9813790303747 -2.33163036828939E-18 12844.310110043929 2744.181838871687 6.987822200251917E-17 12843.936392217185 0.028272109092136722 -1.567572897528135E-22 0.13596557735882647 0.4234427918659555 4.060830662968544E-17 -0.9059228462497403 5000.0 5000.000004071542 77.93668266437726 1135124 17167 -424.1219781807373 6.169723177030128
165 2105.872773606176 -9.590068880119155E-19 14663.993697127662 2105.4854473374567 7.571814021147497E-17 14663.139735779509 0.012362192921632648 -9.450212321215351E-23 0.13832254535909777 0.910702828981281 -2.079927076990452E-17 -0.4130621707967968 5000.0 5000.000001286889 81.82771871605429 1201638 20850 -208.3177684080823 5.417985984392212
166 2744.9813790619864 -1.1257304479918838E-17 10215.418000591002 2744.4795248395553 6.926878270357662E-17 10214.618961252636 0.03749573216453437 -3.2572106565077775E-22 0.13371619573423957 0.8468270542228785 -8.093158900092233E-18 -0.5318683479374664 5000.0 5000.000149592068 74.95935551513375 1031596 17633 -438.6461077803699 3.3207912464831395
167 -1409.8608785724848 5.156310863033748E-17 14663.993697025553 -1410.2279664466791 2.034874137969149E-17 14664.86511696358 -0.017708174590640353 4.978944897304918E-22 0.13774022981610817 -0.9215694695683183 8.775713311491937E-17 -0.38821349114322584 5000.0 4999.999998307644 95.49178830147474 1201704 22352 512.1513153155079 3.4655966850834226
168 -2744.9813790303747 -1.1464895463992487E-16 11457.493964958801 -2745.8400865158083 -6.990612050894099E-17 11457.6201695157 -0.02958142319037701 -1.3099189346979764E-21 0.1356867346376683 -0.14540833072807918 7.641228712128849E-17 -0.9893717301180383 5000.0 5000.000050257953 103.47295372915094 1078368 18402 359.89562767818444 3.4971950599530293
169 2744.9813790303742 3.3695468318226827E-16 11577.454121531853 2744.970744182207 3.994513775048411E-16 11576.458400831025 0.016600879881277026 1.9376598325539036E-21 0.13787806688908066 0.9999429678422308 -5.0946746945665175E-17 -0.010679944304108846 5000.0 5000.000046917209 76.66163269596777 1078537 16300 -38.178288854900345 0.6128106859887692
170 -2744.9813790303747 -5.17158869121381E-16 -8926.34796108815 -2745.81620756271 -4.479228748764741E-16 -8926.640401136458 -0.11751301211677741 -2.2479669990951115E-20 0.0740043433905855 0.3306022570562296 3.43119821668632E-17 -0.9437701777323024 5000.0 5000.000129924081 252.90657833336002 295682 5434 8.168346416710882 5.503564299075681
171 -2744.9813790303742 1.2551943949871984E-16 6799.33539642373 -2743.8970601283695 7.681436334343772E-17 6799.047476055731 -0.024474822056420167 1.0075031631862413E-21 0.13670016133909965 0.25663781864406343 -6.826680831023113E-17 0.9665076472556147 5000.0 5000.000173962604 111.98457957353422 886492 14831 171.79455912608861 4.729454460908398
172 2744.9813790303742 1.4343003582118983E-17 3987.5984049401095 2745.1666810828724 -5.651212140965271E-17 3988.5539557678326 0.03382404920355923 1.8010360373247903E-23 0.13469181389977306 -0.9817114140803568 5.87219997200395E-17 0.19037515822913365 5000.0 5000.00017693697 55.45726913346147 775479 12922 -232.14029427937035 4.34454159187065
173 -2744.9813790303742 1.4556849349263553E-16 6181.008248703443 -2744.397636576675 1.6274149975482618E-16 6180.147950438934 -0.024275574196695484 1.1773061092788645E-21 0.13673568488840945 0.8274897931512097 -7.830305831698202E-17 0.5614807581673545 5000.0 5000.000173871151 113.94597300264289 861145 14268 134.43712764600645 4.601150847562383
174 2744.9813790303742 8.98187032317825E-16 10065.178797544435 2744.229301141879 9.754842266663277E-16 10064.677745393505 0.0440042796520382 1.4052237649501003E-20 0.1317177828964879 0.5544449831388262 2.944287411658224E-17 -0.8322203803324909 5000.0 5000.00015660805 74.74523832329342 1027341 16741 -336.4082469412227 6.044709959360003
175 -2744.9813790303742 2.332203802426409E-16 -2741.7698273120504 -2745.04094477504 2.9344958324133144E-16 -2742.6948381544685 -0.04979975661490226 3.9917372203096844E-21 0.12963770771939656 0.9979330910329414 -5.241752852413864E-17 -0.06426154648193896 5000.0 5000.000173124326 224.96646315256268 508487 9693 81.08279546101556 3.2627295079388476
176 2744.9813790303742 5.994664839050453E-16 -6060.879155760836 2746.0068887444113 5.15859577626225E-16 -6060.543880527087 0.07140218397878899 1.5159498596940346E-20 0.11911204474089625 -0.31074927535971686 -2.911747525831153E-17 0.950491918819954 5000.0 5000.000188291845 294.3658444320427 382068 6368 -15.819618429561434 1.560733661400086
177 -2744.981379030375 4.4001532798340805E-16 3759.568552000908 -2745.176843535243 5.072806557939731E-16 3758.6680997727544 -0.036776030737921746 5.7409759008253546E-21 0.13391592360057797 0.9772407450298997 -4.0884197945748906E-17 -0.21213327287520925 5000.0 5000.000175489159 126.13437837259801 767003 12706 -214.30732761807099 4.641382046402103
178 -2744.9813790303742 1.9920106200161155E-16 940.9708118599991 -2743.8576642960875 1.3669167177413078E-16 940.8672928333748 -0.03406940682051174 2.3128139683390302E-21 0.13462996153071585 0.09173373208016891 -6.056887218591752E-17 0.9957835718372783 5000.0 5000.000173445431 161.0784497531546 651153 10935 86.30621714522675 4.170471845055623
179 -1960.2209856600118 3.1757326359110754E-16 14663.993697025551 -1959.4535032975848 3.143317499853821E-16 14663.28112475051 -0.04724264676346114 7.434874404963625E-21 0.13059128105849363 0.6804049923937423 -8.15166036631505E-17 0.7328363030121368 5000.0 4999.9999995147955 97.61392126173449 1211229 19977 -474.1237971224212 5.452457906145393
180 -1233.8171948074514 1.0171343481071176E-16 14663.993697025551 -1232.6959843612672 4.408790227965521E-17 14663.815479253157 -0.0056451292910635895 4.360053008650777E-22 0.13875908212355137 0.15698049890542914 -6.240902087525212E-17 0.9876017033967261 5000.0 4999.999998138354 94.80949487470458 1198880 20924 139.7113189525766 0.5026275919490336
181 -2744.9813791131796 -2.2426397749705555E-15 3497.0909958705984 -2745.860717830925 -2.2077882126519005E-15 3497.4042892078896 -0.10484591108894666 -8.591602065890292E-20 0.09106748022412703 -0.3356178484664596 7.719779319850115E-17 -0.9419982278440087 5000.0 5000.000174387075 128.12953084482922 793201 13360 -448.25508018324854 1.6038373731909181
182 -2744.9813790303747 -5.991646614070245E-16 -4462.765733195261 -2744.52793708558 -6.885851965782515E-16 -4461.757387598923 -0.0698977650141812 -1.5528572235179285E-20 0.12000105614205207 -0.9120276109810024 3.397585827107136E-17 0.41012880429902693 5000.0 5000.000175108598 238.40494038603427 447725 7153 -112.43650650265234 5.356735209992778
183 2744.9813790303742 9.764797922770564E-17 6788.020211143759 2746.115024576335 3.47298645180042E-17 6787.91594642553 0.022295381538331955 6.770088561027343E-22 0.13707248812047917 0.09158639390132026 -5.76163683041744E-17 0.9957971344632394 5000.0 5000.000177290186 67.98227384420427 885105 14629 -91.58856979359764 1.3079697114678348
184 -2744.9813790303747 9.640853148745878E-14 14579.378259191777 -2745.472262867839 9.63869801157285E-14 14580.108319587509 -0.02672620051012933 9.379842309457415E-19 0.2424513249636198 -0.8298524871894536 8.58011670215462E-17 -0.5579828416648498 5000.0 15915.279550751275 100.66273114389146 822215 13696 -69.0770988591643 3.374666925916746
185 2744.9813790303742 5.412566550612443E-17 2921.159344872454 2746.0503625248693 -3.1208581745207E-17 2921.478735154692 0.030722108767514907 4.562164750082778E-22 0.1354330206024249 -0.2862747843656781 -3.180428936376431E-17 0.9581475605819822 5000.0 5000.0001770642775 46.78093049272352 730586 12064 -132.10254864471935 5.325792283729135
186 -2744.9813790303747 1.082791760934921E-16 9066.364859678983 -2743.9466822376107 6.557609610378432E-17 9066.023060296238 -0.06012544603887418 2.0727495033986942E-21 0.12518339248869398 0.31366662716590216 -7.323673249617603E-17 0.9495331734062551 5000.0 5000.000171732339 106.84449525807247 995936 16019 494.52417645551947 2.8311584479660317
187 2744.9813790303742 -3.231895001213752E-17 6648.228811048431 2745.948769358369 -5.451046361286266E-17 6647.635303763522 0.046661732333862074 -7.625110971510003E-22 0.1307999761938817 0.522940305973005 -7.421389770997588E-17 0.8523693083323292 5000.0 5000.000177089921 67.56480191738041 889772 15618 -404.6708454003603 0.33994026796470694
188 1176.3616334635872 -1.2891705974682379E-17 14663.993697025553 1176.9203067006317 9.122275206976549E-18 14663.086480994609 0.008010697244129924 -1.9993107227057713E-22 0.13864263088420187 0.8514963792348625 -7.554065145821786E-17 0.5243604844675072 5000.0 5000.000001386397 85.41349170173815 1199250 20972 -374.78268926235205 4.067631434159557
189 2744.9813790303742 3.8234032013996706E-16 3317.4450107430566 2746.014799398544 3.4993825253957453E-16 3316.9671166462695 0.0654480307702101 8.583074979079108E-21 0.12248471864125735 0.41973205231988353 -7.118860643137869E-17 0.9076480619316851 5000.0 5000.000175934735 50.394338498513335 762120 13124 380.6465821161444 5.16640037876124
190 2744.981379139586 -1.8530296742748506E-14 -2303.700471646127 2745.9474897206446 -1.859916145767237E-14 -2303.4610453621294 0.13050592031990274 -8.829805669312784E-19 0.047477962872051076 -0.2405480970843487 -4.272825178052329E-17 0.9706372193151379 5000.0 5000.000482336197 319.99525261319104 583008 9453 342.6496715180402 2.3007433785396123
191 2744.9813790303742 -2.153312955315506E-16 2102.1923254713693 2744.341728536348 -2.126130078562332E-16 2102.7720589933156 0.07067198488228896 -5.88033156712722E-21 0.1195467339217335 -0.6715513932941304 9.938973445012432E-17 -0.7409579795377227 5000.0 5000.000177573734 37.446018388652476 715159 11897 -366.50580962343486 5.795832837760577
192 -2744.9813790303747 1.5630477708981428E-15 5904.011799951611 -2745.821458409603 1.5886846614477786E-15 5904.443487120865 -0.10119751054375707 5.72109282456463E-20 0.09510528313068493 -0.45705187209463755 8.174446071604195E-17 -0.8894400409664984 5000.0 5000.000172592517 114.93536268999921 887730 14669 314.8836727071424 3.4588666740249847
193 -2744.9813790303742 4.992702764376608E-16 -2083.9470276753386 -2744.0688741823383 4.025140084832482E-16 -2083.2811467549705 -0.042426156563968885 7.521736799197917E-21 0.13223453499590104 -0.5894684941392959 -7.854110618724682E-18 0.8077913673884338 5000.0 5000.000169106991 217.20520094070002 531201 9459 24.602956010280597 5.8171270402472155
194 2744.9813790303742 -2.0925050900185928E-16 5097.071929892242 2744.756143806571 -1.3280611180759392E-16 5096.073318251368 0.07008447576795646 -5.67439892270302E-21 0.11989210689140736 0.9754950635202078 -3.4037722864028534E-17 -0.22002131654249282 5000.0 5000.000177566812 61.695722155878116 837267 13523 -435.9542890972154 3.9995420597161635
195 -2744.981379030375 1.2023213472216762E-16 3341.6117510866043 -2744.9128195968538 5.1688772056095736E-17 3342.6676798527446 -0.06538152585092566 2.539273945479428E-21 0.12252023139211533 -0.9978988126536633 6.082844362169462E-17 0.06479165983117016 5000.0 5000.000173474138 129.4015412496852 764611 11936 385.29935471989444 0.3346734371782882
196 2744.9813790303742 -2.3324513146411866E-18 1588.9324806890359 2746.112649194702 -6.839598481625194E-17 1588.8809960573044 0.042586876082014724 -2.339470271897245E-22 0.13218286205906185 0.0454634082346211 -5.425044958315707E-17 0.9989660047138955 5000.0 5000.000177045896 30.064404480448957 681201 12283 -230.04743839557187 3.203905436165235
197 2744.9813790303747 -8.189581622750906E-16 -2187.992029730666 2744.1629453435276 -7.883404302886318E-16 -2187.7039242674805 0.0885933937476232 -2.723861812476917E-20 0.10694466615226361 -0.33204779081471536 9.248976467532791E-17 -0.9432625640028827 5000.0 5000.000176412082 321.44206731660444 550267 10475 274.1630662727508 5.072553250006598
198 1229.9350752727382 -1.0922070592034659E-17 14663.993697025553 1230.9346098772644 -4.0199211153769686E-17 14663.478824509153 0.010087028154867629 -2.162883146564968E-22 0.13850704758896826 0.4579290031557585 -7.394099539458191E-17 0.8889887671495972 5000.0 5000.000001381179 85.2055672122211 1199723 18617 -426.7957073385171 3.823697770612605
199 -2744.9813790303742 1.9028470588681088E-16 -3094.3029387357437 -2744.065198322021 9.313380845450702E-17 -3093.632980033259 -0.05730780575096257 3.692990261624398E-21 0.1264980886128383 -0.5902704379971201 -8.829855493882321E-18 0.807205556451227 5000.0 5000.000173400159 228.4235062539035 497658 8103 124.71996507133622 0.04641756449381719
200 -2744.9813790303747 -7.267577755220965E-16 -4970.132001115359 -2744.490636315264 -7.048805302444641E-16 -4970.983555020867 -0.0674596263104201 -1.81303626034277E-20 0.12138842551381286 0.8664225989149968 -8.043712437671313E-17 0.4993114072281007 5000.0 5000.000175497556 241.08832861600177 425851 6569 -63.31021026436385 3.8705958182091793
201 -2744.9813790303747 8.782826314459317E-17 9320.965164085028 -2744.9505442084574 1.4480087922168969E-16 9320.00750999428 -0.027941422812154833 7.628886876988525E-22 0.1360339218811045 0.9994820377484576 -5.655949552529671E-17 0.03218161018342487 5000.0 5000.000170356466 106.40945880801632 991027 17525 331.4272797506587 4.687370741542512
202 1603.5944591675543 7.050593724329898E-16 14663.993697025551 1602.7417528303629 7.497040591808873E-16 14664.113888063099 0.01755881546755108 7.462352844011424E-21 0.13775934947698532 -0.13957277089479334 7.983241869856071E-17 -0.9902118157694197 5000.0 5000.00000141692 83.75916617611581 1201637 20309 -461.1404671811297 2.7319822455121314
203 -2744.9813790303742 8.565527990830993E-17 10477.963067142175 -2744.339328538326 -7.988251040931074E-18 10478.846506007134 -0.02709973218727044 7.189019815410133E-22 0.13620409456775728 -0.8089322589339418 2.012757592046696E-17 0.5879018625692181 5000.0 5000.000131032859 104.68024610488469 1037961 17265 352.1815759210315 0.17409393139308785
204 -2744.981379143123 -1.099807098804292E-15 4105.355369712946 -2744.6919416519295 -1.0662941859532588E-15 4104.506277689127 -0.12146229148943437 -4.911522364618332E-20 0.06732653833473534 0.9465189365256174 -8.159443608184493E-17 0.3226482640566752 5000.0 5000.000172166683 123.76804507964678 832204 13250 479.12118280896516 2.1071011826603794
205 2744.9813790303747 -6.954831803305011E-15 -1515.1848242819026 2745.774301217406 -7.0378535912639886E-15 -1514.6178969402379 0.11641941050549277 -2.9635997452131602E-19 0.07571308931230838 -0.5816147108929165 -8.444056140973693E-18 0.8134643980615062 5000.0 5000.000176811818 331.1020206745888 598176 10312 342.4927564494976 1.8250066123464184
206 2744.9813790303742 6.337586856723552E-16 8070.96992339309 2745.134875441566 6.896478976552665E-16 8069.931965892582 0.04668376597117607 1.041314648293997E-20 0.13079211377402986 0.9892414337774735 -5.836632707823244E-17 0.1462921260400896 5000.0 5000.000175514915 71.2165478583877 947745 16186 431.67112963227004 4.678809458369369
207 2744.9813790736002 3.4077028621372715E-15 563.4250154034828 2745.9372755883874 3.3888601487337248E-15 562.8075102976118 0.06364760627419139 7.846359331194872E-20 0.12342987177953325 0.5426217123186422 -7.437633615036829E-17 0.839977188838285 5000.0 5000.000175834886 11.599224065971445 647895 10613 184.55666776322542 2.0263817279557723
208 2744.9813790303742 -9.126812779192179E-14 -11553.605950868068 2745.6164663748705 -9.123247523873672E-14 -11554.462716252774 0.13203165729484553 -4.393420705317237E-18 -0.0430698163628712 0.8033569809683297 -7.667932959979263E-17 0.5954977418620289 5000.0 5000.3728404453495 283.3649125278329 280740 4375 -5.433463032957331 4.936107447884954
209 -2744.98137909551 1.5488078005935766E-16 -4467.896033609115 -2743.895576510511 6.920201806488482E-17 -4467.585995427941 -0.07905025945126692 4.0776437356303286E-21 0.1141797158079161 -0.2745646388238196 -3.9446727420528756E-17 0.9615686456001351 5000.0 5000.0001730311715 238.43430885942882 452324 7917 160.75503675803347 4.478303009560611
210 2744.9813790303747 9.367925268498969E-16 13264.852112869097 2746.08576751563 8.868041981758747E-16 13264.577552771618 0.04643896019676976 1.54742707689172E-20 0.13087923192208487 0.24126423785140924 -6.463859078525782E-17 0.9704594614888068 5000.0 5000.000002397142 78.30843878905644 1159161 19317 -239.47672398182738 3.8664779349716296
211 -2744.9813790303756 -1.74445213303064E-15 5242.256762541155 -2743.979256532594 -1.837821157672794E-15 5242.777856969745 -0.09977408694882274 -6.368494950683428E-20 0.09659752895156669 -0.4613462759915279 -2.611147152619828E-17 0.8872201601224992 5000.0 5000.0001742758795 117.63771872945937 860982 13571 -477.5369459945145 5.037824916326916
212 -2744.9813790303747 -2.8288516472417596E-14 -3204.89516255362 -2744.962896563601 -2.8367700532870203E-14 -3203.7564287653313 -0.13971885277197701 -1.4373895087071944E-18 -0.03231780324006002 -0.999868308071176 4.214271380813226E-17 0.016228581942552313 5000.0 5337.024118887494 229.420062059139 604065 8939 -107.84994416764708 0.05988993824718203
213 2744.9813790303747 -2.7834604944645165E-17 12391.16624049207 2744.1152291927333 2.471945440013017E-17 12391.174131846428 0.04367027447136743 -6.416572058936401E-22 0.13182889489728536 -0.009110464687168068 7.384155708643108E-17 -0.9999585006684057 5000.0 5000.0000101768555 77.50914125966689 1123168 18493 -509.05371136464817 6.088414785941786
214 -787.7160082293336 4.856751182794739E-17 14663.993697103158 -787.2411034809049 -3.860625118678865E-17 14664.934371953406 -0.007644611903291787 3.8822125456569104E-22 0.1386632981953087 -0.8926867400809648 3.4910409203752895E-17 0.45067769478334274 5000.0 4999.9999984197475 93.07484216491402 1198860 18984 500.0091693412627 2.1724729483120937
215 -2744.9813790303747 1.3442679494870213E-16 -1944.755267521638 -2744.55249048641 4.596160329903639E-17 -1943.7342804389584 -0.07499307865447175 3.3044459781915498E-21 0.11688451213025074 -0.9219582570875424 3.5675701365690906E-17 0.3872892615651851 5000.0 5000.000173218842 215.31668181015613 553388 10362 253.70990090632787 5.96465191530226
216 -2744.9813790303747 1.619964916534159E-16 -236.58203131526207 -2745.6740275258007 2.36463492245936E-16 -237.10422134739522 -0.04088829959004974 2.216544703653958E-21 0.13271811474120224 0.6019929134301413 1.7653336575969582E-17 -0.7985014280029683 5000.0 5000.00017369823 184.92598502172086 605906 10667 128.48565551026417 0.5837405718899839
217 -2744.9813790762655 -3.1298533784029964E-16 7866.788732888691 -2745.845077890952 -2.5527197247336716E-16 7866.711452045096 -0.05768934131913086 -6.801433878894406E-21 0.12632454602061222 0.08912057287226931 5.96787580534329E-17 -0.9960208442946651 5000.0 5000.000175098953 109.23555993348033 945668 16134 -462.63986360871195 5.1327093809083415
218 -2744.9813790303747 9.459447924109746E-17 6699.0650979996935 -2745.2477533700726 1.6486838734337923E-16 6698.1867743325665 -0.030509974558500845 9.068885785426813E-22 0.13548096721486447 0.956959168837839 -3.4353191537637525E-17 -0.29022258548942215 5000.0 5000.000174016726 112.2816544218424 884955 13817 285.49130295505887 5.965487718077224
219 -2744.981379064037 -2.408482253574364E-16 7019.874463904615 -2745.5794235048584 -2.48200782950284E-16 7020.591838399904 -0.0444971931079485 -4.0764194588421535E-21 0.1315520841174548 -0.7680989087156271 9.17033742614618E-17 -0.6403312142042664 5000.0 5000.00017535754 111.35698836281603 903948 15181 -398.34471903914175 6.277433524212858
220 -2744.9813790303742 1.0995322772039624E-16 3188.378171930901 -2745.55350494147 9.916494596509411E-17 3189.1286786268533 -0.0495831483049403 1.741566688280369E-21 0.12972070932699345 -0.7952726804555394 9.075590224502967E-17 -0.6062518961168681 5000.0 5000.000173777997 130.72626071597068 750706 13137 327.5783055334525 0.16334277572035255
221 2744.9813790303742 4.936885402970553E-17 1269.7094366023196 2744.588247282672 1.2793126887939146E-16 1268.8348900118922 0.03536373801374035 4.656051635585837E-22 0.1342957820279932 0.9120830956455636 -1.9765321298934234E-17 -0.4100053968401253 5000.0 5000.000177115563 24.823215914134664 665060 11487 -130.4233247435029 5.121610959278901
222 -2744.981379066759 1.0949050517060667E-16 5266.425294396524 -2743.8695963884898 4.7571498397602525E-17 5266.321604201464 -0.0553014418079417 1.931562590567666E-21 0.127387996128952 0.09286180812297587 -6.211444831310096E-17 0.9956790061744687 5000.0 5000.00017368836 117.5295567858806 838313 14027 403.70232311502104 5.916177785146745
223 -2744.9813790303747 1.024030902003532E-16 13272.133266583269 -2744.2008551921954 9.998153500626127E-17 13271.396426501005 -0.019833775759164174 6.520718443507126E-22 0.13745025172363876 0.6864652944701385 -7.957180919165187E-17 0.7271625682815812 5000.0 4999.9999989994385 101.68532359836377 1149085 17351 288.14901406788846 2.543054647761123
224 2744.9813790303742 -7.210936362226137E-14 -8571.161081513561 2745.460381825096 -7.218130374155542E-14 -8570.440374908017 0.13259137349717337 -3.486239964950897E-18 -0.041308452123329 -0.8328325610232687 -2.382953574864332E-18 0.5535249995265741 5000.0 5000.23944429029 287.7580705731855 400208 5889 -192.10711793981113 3.646610268347336
225 2744.9813790303742 4.847419908537599E-16 -1.095112581229066 2745.1958310445552 5.360658096138586E-16 -2.123084311927783 0.03974068616203372 6.7237560018495384E-21 0.13306625753005452 0.9789250081420446 -6.174472921229177E-17 0.2042200522799399 5000.0 5000.00017523965 359.97714180280184 614848 8765 110.518509349558 1.5849780039575974
226 -2744.9813790303742 1.8625112330812446E-16 10134.923125063327 -2743.9438692222197 1.477526395512198E-16 10134.516961468975 -0.021759789164758542 1.3970603231495547E-21 0.13715853060692815 0.3645406102481574 -7.256951800018049E-17 0.931187490748266 5000.0 5000.000152368665 105.15462827491655 1021054 15506 -100.9429059696858 0.8487121825337024
227 2744.9813790625026 -7.526808049876823E-18 10046.146663593661 2744.2501235923373 8.355671478998292E-18 10046.610665339136 0.035572842617029414 -2.6126930561851793E-22 0.13424054465488522 -0.5357715704263644 9.594798550322144E-17 -0.844362968399079 5000.0 5000.000157196025 74.71768874077434 1023854 15659 -422.913250282633 5.448223559220705
228 -2744.9813790303742 -2.4989242460435486E-16 6056.735157631257 -2743.851225944187 -3.2741326235703255E-16 6056.870062892299 -0.02840751482914167 -2.687879529161282E-21 0.13593735370414442 -0.11852755522188613 -4.722913265881559E-17 0.9929507638340886 5000.0 5000.000175547367 114.38057524033904 857550 14182 -217.71457663133373 2.0407201241087507
229 2744.9813790303747 1.2560741858672789E-17 6169.267888526624 2745.276420724441 -6.446185756141126E-17 6170.215288339933 0.030019669488770453 -4.3740077251798586E-24 0.13559045128532982 -0.9547723841385144 5.024118890020037E-17 0.2973376785920195 5000.0 5000.000176894534 66.01359373130782 863034 14011 -260.54594226958716 0.7125436405727799
230 -2744.9813790932503 8.520445869891272E-16 -2948.0238414885703 -2745.7309366638015 9.239527054595622E-16 -2948.447763178416 -0.06949920519398636 2.12658278838011E-20 0.12023232305071643 0.49228493479660074 2.590135996822626E-17 -0.8704341119093744 5000.0 5000.00017499865 227.0426026034677 509146 7094 -146.69347777199144 5.199804226806328
231 2376.660456348857 -3.257384760568934E-18 14663.993697025551 2376.4693177771196 -4.829620393224087E-17 14664.906686932287 0.02385700977342412 -1.6460715145970014E-22 0.1368093324777335 -0.9787803787076979 8.263547084509951E-17 -0.2049121058159367 5000.0 5000.000001255459 80.79386365915232 1206353 19454 -456.0769247912146 0.25526509171923484
232 2744.9813790303742 6.445050130096642E-16 -4923.378177968817 2744.3562297137287 6.449960682876423E-16 -4922.778339561398 0.06015271506224853 1.3775023243243764E-20 0.12517029175632066 -0.6923486444818174 9.913134190034415E-17 -0.7215631342202438 5000.0 5000.000185246564 299.1414249349127 423085 5535 -18.607015655604275 5.9540581715038075
233 -2744.9813790303742 1.2562150072691946E-16 6918.533783697708 -2743.9213632481897 8.238021049233872E-17 6918.181271617542 -0.024284631209662396 1.0007122903563217E-21 0.13673407662992998 0.3155617974733607 -7.078155148390121E-17 0.948905027923729 5000.0 5000.00017396249 111.6410827786186 891282 13878 171.86091039521395 5.385026524193006
234 -2744.9813790303742 -8.435209719553033E-17 3786.905927387657 -2744.096631074815 -1.822726573622666E-16 3787.6209458210024 -0.09959264693690628 -3.521292480398628E-21 0.0967845839790218 -0.6285575032809201 -8.563988698370681E-18 0.7777631161008387 5000.0 5000.0001726635455 125.93690083422752 801501 10818 450.349506102105 0.8867440200307162
235 2744.981379030375 -1.115673401120092E-14 -1017.2189009758374 2744.8185561328846 -1.1074763326662034E-14 -1018.3291517799873 0.13315456479405574 -5.425022509396484E-19 0.039443794415682784 0.9894166897977933 -3.7542831082930733E-17 -0.14510207313118004 5000.0 5000.000178848284 339.6666009589502 640478 7219 -383.43136946959277 4.011553628430665
236 1759.0848125368414 -2.4781140179016595E-18 14663.993697025553 1758.3255970179139 7.238882764398687E-17 14663.536854152806 0.020967648282978247 -1.888686060330295E-22 0.13728185639044851 0.5155853874647799 3.1464823121845916E-17 -0.8568382043503464 5000.0 5000.000001306518 83.15951621436324 1203424 15091 -498.7990304231383 3.562165678756212
237 2744.9813790303742 2.427140090875242E-17 6762.526295176121 2745.272385935669 -5.276871030414607E-17 6763.478689500799 0.02579056965361751 1.0304640592284347E-22 0.136458043196153 -0.9563522638774684 5.0453687479667216E-17 0.29221626651005317 5000.0 5000.000176896349 67.907243092154 885494 9400 -204.59980074459872 0.38508104336624194
238 -1958.630236594575 1.7728095836920789E-16 14663.993697025551 -1958.7660934579765 1.2606381683923798E-16 14664.957880569757 -0.012225461367691912 1.062948788535991E-21 0.13833469722873543 -0.9902185104051127 7.701988687334466E-17 -0.13952528184421026 5000.0 4999.999999857687 97.60781484768134 1200752 12856 -143.2751401870661 4.384795436448904
239 -1685.733835754314 6.075197616830123E-17 14663.993697025551 -1686.5281644756258 8.636358641003203E-17 14664.367454352037 -0.01759613007533166 5.099336206005713E-22 0.13775458817518854 -0.42575560387706257 8.923713653124625E-17 -0.9048381972783781 5000.0 4999.999998259422 96.55778454214634 1202377 12507 471.4785005066795 1.2739951568915493
