# ELektron2 C++ Simulation Results
# Date: 2026-03-09 11:04:03
# Integrator: DP853 (self-contained)
# DP853 absTol: 9.9999999999999998e-13  relTol: 9.9999999999999998e-13  minStep: 1e-10  maxStep: 10
# Cores: 24
# Total time: 450289 ms
# Total simulations: 2400
# Detected: 80
# Detector: 1 m, 100 mm x 100 mm aperture
# startEnergy: 5000 eV
# startPos: -14663.993697025551 (reduced)
# detectionDistance: 14663.993697025551 (reduced)
# rangeMin: 9.9999999999999998e-13 m
# rangeMax: 1e-10 m
# spin: 1
# Z: 6
# alpha: 0.0072992700729926996
# reducedBohr: 274.49813790303745
# zitterRadius: 1.93079634e-13 m
# atomCount: 30
# atomSpacing: 735.44784117417589 (reduced) = 1.42e-10 m
# chainHalfLength: 10663.993697025551 (reduced)
# maxTime: 1000000 (reduced)
#
# Columns:
# idx qx qy qz rx ry rz vx vy vz ux uy uz energyIn_eV energyOut_eV angle_deg steps elapsedMs dxZERO_reduced psi0 xDet_mm yDet_mm
#
0 770.52032746361181 -9.7263407040483886e-18 14664.009976220736 770.2341093301369 -4.7438827792219084e-17 14664.901925608232 0.0047562084744687391 -1.8012802783257012e-22 0.13879239478485175 -0.95217769344997749 8.6099062262340546e-17 -0.30554482773018904 5000 5000.000001475014 86.992159722229133 1198407 10419 -427.17222640989314 4.7463105219427701 34.268509321721474 -1.297823473049763e-18
1 -407.54210632187801 4.2660314965342849e-17 14663.999360185255 -408.38789732464699 8.3791727937776103e-17 14664.171337743093 0.00093063283495823344 2.8676980500127284e-23 0.13887074666835475 -0.19925604572058694 8.149101092530046e-17 -0.97994746106888408 5000 4999.9999984583255 91.591955437707966 1197843 9593 375.08761171320469 5.4596161772516458 6.7014317794425882 2.065012336155464e-19
2 -128.16664274713108 2.1190207546587782e-17 14663.999415501701 -127.10246535272147 -6.6800048171501563e-17 14664.3679937713 0.005884746472590228 3.5648226482529515e-22 0.13874912656502275 -0.32727641795854701 -2.9594644296756806e-17 0.94492864608101568 5000 5000.0000000114314 90.500765208243394 1197469 10597 -271.94950714447606 5.036077089495187 42.412854179895881 2.5692577218367926e-18
3 -377.23869197117375 4.0180313459600412e-17 14664.005715179635 -377.85198907094832 3.7409777234586094e-17 14664.65612824709 0.0024491103154511756 7.3776302659071029e-23 0.13885226763296735 -0.72756121418930764 9.5781792731644812e-17 -0.68604276893410399 5000 5000.0000012087121 91.473636817724653 1197390 10331 -51.457942090080564 2.3125258254505332 17.638245000974614 5.3132947640499686e-19
4 -32.064896060763758 1.4462429402105454e-14 14664.071564721748 -30.931523654138307 1.4607104599565301e-14 14662.906283431936 -0.013459103952131041 6.8579206170717927e-18 0.5697125799883086 0.7168534568537549 2.1917767801842361e-17 0.69722386768543765 5000 110855.88998959435 90.12528445995612 675248 5908 211.32956248323063 0.77276300434233369 -23.624375562160207 1.2037509540710034e-14
5 -1158.6285089727728 9.0447941762977409e-17 14664.015054733389 -1157.9695932615216 -2.5110970794960059e-18 14664.866557091735 -0.0053087153871612522 3.8676838977065418e-22 0.13877235999210674 -0.79086392196989452 1.8845762617847449e-17 0.6119920381588958 5000 4999.9999982324171 94.517650568396476 1198760 10709 176.59560763261683 3.9914135006889091 -38.254846912333313 2.7870707811890873e-18
6 -739.31275650444923 5.4737980865375862e-17 14664.015320254208 -738.6476335920562 -3.8296166221416323e-17 14664.861666104573 -0.0039943169175386496 2.758122180833357e-22 0.13881641037676093 -0.78625655577938913 1.8271845093997011e-17 0.61790017745032477 5000 4999.999998412939 92.886226169790419 1198369 10661 410.50968278528416 4.9008730001989136 -28.774097433420831 1.9868848166780508e-18
7 919.4626187524259 1.2299584610533589e-16 14664.015783868401 919.1747211787125 8.5218269211673201e-17 14664.907264041542 0.0044173649332716379 3.0004702653809605e-22 0.13880359235339415 -0.95160772661751014 8.6106707692815844e-17 -0.30731536725147757 5000 4999.9999998950161 86.412138998509562 1198228 9680 296.23386691131185 4.5064436895661117 31.824572104913685 2.1616661460329923e-18
8 271.57356023854783 -5.6800242108582946e-17 14664.021646387824 272.61960694656472 -1.4674693662557212e-16 14664.44092292493 -0.0023465812302120477 1.8910788395353683e-22 0.13885403818455563 -0.37204680989178107 -2.6258264287733719e-17 0.92821396792050259 5000 5000.0000000178989 88.939019551038925 1197200 11511 394.95142593577168 4.5131902592839648 -16.899625397232786 1.3619185039630398e-18
9 -1004.0191054112636 1.5062567971274346e-16 14664.002870110513 -1002.9111811757598 6.7451424724668642e-17 14664.251121681575 -0.0035030288342496768 5.2219181576842484e-22 0.1388296767237473 -0.21864749084127355 -3.8577132595702979e-17 0.97580391148071044 5000 4999.9999964942499 93.916830728478217 1198478 10925 42.113721553501222 3.2775973503064924 -25.232564945175525 3.7613846555842489e-18
10 -173.25712894297928 2.9580109666262444e-17 14663.997344246129 -174.08745145302839 9.5789088708507904e-17 14663.748993691506 0.0048113786501584243 -2.3527103807897928e-22 0.13879049316587416 0.28655788253716197 5.068657646330602e-17 -0.95806293016563393 5000 4999.999998469445 90.676925952810493 1197740 10474 355.92040024010817 5.78590643687106 34.666485725417445 -1.6951524035424911e-18
11 -478.97455498802458 4.2865531962019737e-17 14663.999394340315 -478.95223212412742 -1.9438130412789325e-17 14664.98466537405 -0.0017356333315961064 1.8947101585242145e-22 0.13886301859984357 -0.99974343798486631 6.8279833577967558e-17 0.022650758427708806 5000 4999.9999984642254 91.870803889108544 1198046 10322 472.74699051758159 4.3464222207480878 -12.498888106397981 1.3644454640469329e-18
12 370.33962879135811 -3.3810711878730158e-18 14664.016058636153 371.29083399351072 -9.7383162988949525e-17 14664.594324312951 -0.00064966153679062221 -6.4535453111787224e-23 0.13887234537273865 -0.51946916525373477 -1.2505221804535084e-17 0.85448919649636057 5000 5000.0000015462692 88.553302989071682 1197791 9824 -443.205475579687 5.7882142229262481 -4.6781202913143431 -4.6471061562740668e-19
13 -496.56222094760182 7.339512827563539e-17 14664.016496929884 -497.18026049205412 7.1186103695252625e-17 14664.662894848412 0.00088031404467621465 6.904596891342709e-23 0.13887107478442262 -0.72278377464339483 9.5688530226804821e-17 -0.69107424673103468 5000 5000.0000002730812 91.939444921297792 1197369 10223 -103.83138686797794 2.7827577417739331 6.3390741811624602 4.9719474714666844e-19
14 -1053.1100001644727 -2.1294285213506537e-16 14664.001812282097 -1053.9254022425864 -1.8174360185287155e-16 14664.303403523585 -0.0059943706584830682 -1.1349608693607371e-21 0.1387444336807962 -0.34690009326116017 8.7509161022968377e-17 -0.93790208828195964 5000 4999.9999982732643 94.10770169137696 1198142 10125 269.02616532046505 2.7940997410897523 -43.204404670201605 -8.1802263287325559e-18
15 1062.122847453491 -6.810981178360377e-18 14664.01126222622 1061.2624990830698 4.3582014139645708e-17 14664.047972524202 0.0045470290644676059 -1.1939025140914801e-22 0.1387994052430811 -0.042630319079749825 7.33564751845664e-17 -0.99909091500115976 5000 5000.000001469567 85.857267843905987 1198497 10842 -176.82211879561629 5.8739022789604265 32.759715767544812 -8.6016399854205717e-19
16 410.87966653504691 -4.5177852208641387e-18 14664.005030636095 410.14237441789129 1.1063675501331105e-17 14664.482792504756 -0.00048017001967647619 -6.385498950043848e-23 0.13887303484172261 -0.54380515962091569 9.3766292056645696e-17 -0.83921150283239665 5000 5000.000001535831 88.395014677861468 1197799 10249 -410.8132881897775 5.289405861606145 -3.4576188258846585 -4.59808411137668e-19
17 524.18543303524825 6.7944586632316878e-17 14663.996396469736 524.71688500890912 9.212372232697925e-17 14663.083825020578 0.0016766851531352044 -2.2942031949371285e-22 0.13886374289358547 0.86414192159695258 -7.5301903941666959e-17 0.50324818946120364 5000 4999.9999999890788 87.952752469586997 1197786 9567 430.84354936024187 5.8478564436680838 12.074319172140473 -1.6521254195886324e-18
18 1056.3601321108472 3.9992020327818526e-16 14664.008858037731 1057.4987505089757 3.2984133013402827e-16 14664.016408572714 0.0060338889757190917 2.037871378570478e-21 0.13874272072081745 -0.0066311676699335196 -5.2703592293278148e-17 0.99997801354785809 5000 5000.0000014801199 85.879666594893905 1198306 11762 -295.51610268266359 3.8117198545060376 43.489769728969613 1.4688131874472522e-17
19 246.63330962843125 -2.0863211394585965e-19 14663.996095010534 245.78339579138549 6.0838346555359251e-17 14663.850284433833 -0.0025541203756941767 -6.4927067587506551e-24 0.13885037572371006 0.16908893029434555 5.9021079915060103e-17 -0.98560079899725028 5000 5000.0000015649912 89.036434856459678 1197712 8691 -458.42455246215638 1.5834304119337044 -18.394767478169925 -4.6760455093546868e-20
20 -492.92113804323787 4.5647677692521416e-17 14664.004397011555 -493.5313359059362 1.2354596858337753e-16 14663.348972813892 -0.00072235559450842875 1.269450861937735e-22 0.13887198623219235 0.73190771050066761 5.8965107437859153e-18 -0.68140377365689053 5000 4999.9999984528786 91.925236112475801 1197969 8793 410.63665308686956 1.2324097276604939 -5.2015933098318223 9.1411586769935576e-19
21 864.65602758110754 -1.039155302194062e-17 14664.00275125953 864.30461940141106 6.474564603747954e-17 14663.136577799589 0.0032521063163769076 -1.2850662052493395e-22 0.13883578131603122 0.92664359161630461 -2.4657335232846328e-17 -0.37594102499486304 5000 5000.0000014642346 86.625488532261969 1198213 7601 -238.95703109200804 0.056995838771291253 23.424122265528609 -9.2560159424907148e-19
22 -583.91799309209819 4.3558760893781317e-17 14664.00608664539 -582.78456461917756 -1.9858349248230594e-17 14663.909537769194 -0.0049969322524925017 3.2462597839872312e-22 0.13878393648313586 0.0848756554364824 -5.850389241213018e-17 0.99639155259055423 5000 4999.9999984560563 92.280302556182747 1198378 7596 513.21148680252531 1.4633732557996413 -36.005119750293986 2.3390745833050323e-18
23 25.413656813957328 -1.2116394830973918e-17 14664.003033378005 25.247334661794167 -6.0658374789100175e-17 14664.951520130924 -0.0056131652168361617 -2.1473582031699564e-22 0.1387603788771494 -0.98497099018084844 7.9197889771572945e-17 -0.17271985438088572 5000 5000.0000016631384 89.900702842441973 1196934 8125 -489.81431277909991 6.1913367312433421 -40.452218870097937 -1.5475297923992454e-18
24 -817.91076118897047 1.2825533143752408e-16 14664.001327323942 -818.75938340926439 1.7043988209377562e-16 14664.1592317835 -0.0019847531705822308 3.3181640399976292e-22 0.13885968135236684 -0.18293171686633383 8.0470723819307393e-17 -0.98312561970435153 5000 4999.9999965456491 93.192466133619106 1198207 8227 42.291058379530035 3.4096395334408314 -14.293228612168358 2.3895806238943752e-18
25 -938.20511354875214 -3.2530997023954825e-17 14664.003870314953 -937.39313919843357 -1.2780723409524284e-16 14664.740446919637 -0.0038773728005944696 -8.7258219319443846e-23 0.13881972606009316 -0.67188237633412695 3.647643099004912e-18 0.7406578655693945 5000 4999.9999999143056 93.66080268346353 1198144 8188 -216.90897575820009 2.8447403749620714 -27.930993026999694 -6.2857219068182691e-19
26 -478.76751870786308 -5.2607162414086598e-16 14664.009605354335 -479.54123966255963 -4.5366236205985459e-16 14663.604738203718 -4.1215050825623066e-05 4.6860902775943591e-22 0.13887385884622289 0.46363380733600745 3.5297994424174309e-17 -0.88602691378353604 5000 5000.000001568168 91.869994509014916 1196809 8405 -44.52483300159529 2.0982475338283817 -0.29678048243234251 3.3743501595813924e-18
27 -1009.8782657651085 6.3409014826017278e-17 14664.0005214839 -1009.787247729974 1.1853536875717641e-16 14663.017995704333 -0.0067241062178921181 3.7012099977086641e-22 0.13871098281279109 0.99573663278457447 -5.8497837344331794e-17 0.092241846018486964 5000 4999.9999983584758 93.939617061750113 1198936 8376 392.99096931348532 0.1948583688853596 -48.475658390851379 2.668289073190361e-18
28 730.4311753501097 -6.4456189402768621e-18 14663.998504222352 731.49714920063218 -9.4199923283929461e-17 14664.361607497203 0.0067617229377699602 -2.1862082097489673e-22 0.13870915424779168 -0.32243771790505926 -2.9894409557127206e-17 0.94659068149331882 5000 5000.0000014903317 87.148386070999337 1198616 8485 -500.20537509854518 5.4293582442105457 48.747488761201282 -1.5761095376902803e-18
29 353.70237606764982 -8.0861578726053655e-17 14664.016996544673 353.57594981999256 -1.3967722804427271e-17 14663.062253137356 -8.2779499738492017e-05 -3.5727409147015023e-22 0.13887384026943256 0.99134623538622435 -4.388782290917292e-17 -0.13127316163013086 5000 5000.0000000172176 88.618269156665036 1197434 4830 460.12846907006087 5.5206761960075044 -0.59607698309407642 -2.5726522056061384e-18
30 500.88946325731894 -6.3236358845063343e-17 14664.005140183332 500.16373482497323 1.241301506632054e-17 14663.501298168898 0.0068085714279039486 -1.1898894254761418e-21 0.13870686255071868 0.57029190246051953 2.504574125344642e-17 -0.82144211304067616 5000 4999.9999999981555 88.043665540332839 1197729 4616 443.44566122179901 5.217513173666978 49.086045943937123 -8.5784466867387638e-18
31 760.46240885046325 -1.5572884415567232e-16 14664.006063868395 760.85807297575695 -2.389246000316421e-16 14664.957003442722 0.0059332905469950013 -1.4894451890287131e-21 0.13874705916397279 -0.9232700782076132 4.1594857569664216e-17 0.38415148374028346 5000 4999.9999999490256 87.031350813621714 1198153 5377 445.06039966472463 2.3003850774471624 42.763360771365782 -1.0734967631050619e-17
32 671.80951014733739 -1.15416194732502e-16 14664.008938125104 672.19262969189026 -1.9815145758636785e-16 14664.965675243027 0.003457139123981491 -8.0727141435487943e-22 0.13883082709703295 -0.92833452339176747 4.2570093012611082e-17 0.37174589922388862 5000 4999.9999999497068 87.376914204349958 1197619 4900 357.2476017984385 2.5761722461143761 24.901811768111088 -5.8147850245871809e-18
33 565.92077575577298 -7.0012575007761896e-18 14663.994406010592 567.05895855467304 -7.8753868421706688e-17 14664.027914240132 0.0023597075839985396 -1.4104265519981979e-22 0.13885381575397271 -0.029427361270910217 -5.1328877055850922e-17 0.9995669217317924 5000 5000.0000015154073 87.789907185827133 1198050 5529 -443.11283443759294 1.164395902681308 16.994186088336047 -1.0157636247442084e-18
34 -976.79621943495647 1.0933670963323723e-16 14663.996364699788 -977.39151080611987 1.8711446419433363e-16 14663.327928286248 -0.0044891660597810449 5.2913864361646828e-22 0.13880128872783792 0.74678451961483083 3.750982410800924e-18 -0.66506607269964135 5000 5000.0000002265606 93.810949096954189 1197869 5309 -100.14836636599692 0.24527991568259433 -32.342394663088598 3.8122026709276838e-18
35 -620.35083383316248 -7.4738670044670349e-18 14664.009518704139 -619.53543572549665 -1.027220228173904e-16 14664.742109019315 -0.0030493967135807672 5.2207140005882123e-23 0.13884038152903402 -0.66832539560373483 3.2773000689607619e-18 0.74386905198020992 5000 4999.9999999696765 92.422414126716987 1197945 5332 -431.00135770293411 6.1537019174800838 -21.963327095460937 3.7602273510725456e-19
36 568.88475112219419 -6.3459542659689024e-18 14664.001789681353 568.04129430133855 3.3975711016793649e-17 14664.184556667124 0.0031677437801705031 -1.6365373239115959e-22 0.13883773179030298 -0.21177327731045753 8.2255107287704413e-17 -0.97731882251676838 5000 5000.0000015186979 87.778344646464134 1198126 5112 -472.83561040196093 5.194309095180329 22.816159118437511 -1.1787410402118789e-18
37 665.37604736393939 -8.6436507965953376e-18 14664.008341677629 664.64890330834805 5.3971698541475574e-18 14664.500587320921 0.0033958991118416162 -1.5841301808119317e-22 0.1388323385903589 -0.56058597666433263 9.4388030449457606e-17 -0.82809622819209672 5000 5000.0000014958914 87.401999024389653 1198192 5449 -427.23710555791968 4.4919034017511903 24.460432967722419 -1.1410383177986316e-18
38 1257.9079409824349 -9.4651795645020927e-18 14664.011558801165 1258.4141665245838 1.7014694785249792e-17 14663.083873741931 0.0063334835087199039 -1.3967152494656222e-22 0.13872936731466837 0.87780983372441557 -7.4429700358305332e-17 0.47900928603554926 5000 5000.0000014004672 85.097057279968794 1198962 4997 -209.25816910088847 3.9772006570506724 45.653516853098495 -1.0067913351738773e-18
39 765.05727410931945 -9.5054420729163485e-18 14664.002717764031 764.93023747401298 -6.0683933572519067e-17 14664.955170407702 0.0022962330530831199 -1.1427421151485381e-22 0.13885487993932982 -0.99122204451566864 7.759812670682941e-17 -0.13220763702527419 5000 5000.0000014837506 87.013445339762299 1198057 5098 -239.01196857491439 0.34170974296054502 16.536927287585559 -8.229758404226333e-19
40 -685.06753622584301 -1.4308121418449399e-17 14663.995784043933 -685.18708046155439 5.2160483331889889e-17 14663.040355571873 -0.0012925703128689996 8.7283388807642692e-23 0.1388678495026763 0.99226308297337851 -4.4528147323777663e-17 -0.12415302220684907 5000 4999.9999999873771 92.674779811267257 1197737 4972 -185.18808915135293 3.9995602391106964 -9.3079162491393586 6.2853561224018623e-19
41 1135.3174978393088 -1.3367861813626536e-17 14664.002987425423 1136.1709617816864 -1.0805914238317354e-16 14664.688066753853 0.0068365597348166206 -1.848590040377877e-22 0.1387054859039798 -0.62598021175220131 -9.7883198370909124e-19 0.77983894139626764 5000 5000.0000013961553 85.572873587601691 1198979 5568 -335.25575618871267 5.6605692164499084 49.288315384651007 -1.3327447204630256e-18
42 -838.32901541302374 1.1309550753269158e-16 14664.012582084097 -837.66939588494938 2.0101989282299949e-17 14664.863510449817 -0.0051665209028098442 7.0645763391186612e-22 0.13877772668923438 -0.79034756944294449 1.8753695415740649e-17 0.61265872880318417 5000 4999.9999999239499 93.271989022234749 1197911 5332 -337.13110295822736 4.44089483953144 -37.228747192114334 5.0905692921014623e-18
43 977.82026598894379 3.7351624358495737e-16 14664.020215671451 978.53268358988169 2.8003681304621424e-16 14664.824093156598 0.0067211952477976289 2.2928036538421496e-21 0.13871112393644044 -0.74839784963638833 1.3590906702567013e-17 0.66325007242001177 5000 5000.0000015021315 86.185073586102632 1198371 5515 -378.80287990104409 1.4730342669816441 48.454623227459265 1.652934233949937e-17
44 703.86468049517407 -1.0074147818040856e-17 14664.012927698626 703.40337524432948 -3.0725859482926694e-17 14664.80280440258 0.0024604996387512039 -1.2836548606655511e-22 0.13885206628181279 -0.86352002131938776 9.2824685553517016e-17 -0.5043145572120934 5000 5000.0000014840907 87.251942772232084 1198085 5639 -335.52645874093832 5.1571185248494 17.720295452841139 -9.2447659947692659e-19
45 -311.69861721414702 3.7606012788619312e-17 14664.009010705406 -312.55251631524857 9.7369249332835796e-17 14663.887967536457 0.0023826419233407797 -6.167736888842678e-23 0.13885342406725379 0.14035038886098439 6.1440415679827342e-17 -0.99010189800121828 5000 4999.9999984677424 91.217697444307447 1197776 5478 375.11814661919982 0.13742859363490625 17.159403445368007 -4.4419047857655487e-19
46 -536.2978415497854 9.2821875923944047e-17 14664.015238198648 -536.26275357049281 2.9764084666312952e-17 14664.99948209063 0.00072907955396766448 -2.8478618415150596e-23 0.13887195106888664 -0.9993651545666481 6.7612180561081108e-17 0.035627046793072326 5000 4999.9999966104378 92.094509149357577 1197918 5050 42.495165650542646 4.682555459586661 5.2500130397534965 -2.0507106147751854e-19
47 502.2808776899904 -6.4586088266615255e-18 14664.007945988138 502.47927598303085 -7.9778496098982291e-17 14664.9967944649 -0.00029200067682262978 -6.0414950934945891e-23 0.13887355797610892 -0.98046063413136109 5.6424987301950765e-17 0.19671539235320989 5000 5000.0000015202859 88.038235679382765 1197788 5539 -290.86817882181145 4.3098544021799121 -2.1026369675994334 -4.3503566708746209e-19
48 -427.84171812415866 7.8545711587942056e-17 14664.014535278257 -428.34440340281549 1.5645328396919312e-16 14663.253086514207 0.001971768290863961 -2.0198537741386879e-22 0.13885986634215941 0.83454435463734467 -8.2683902117384145e-18 -0.55094076087257793 5000 4999.999996631429 91.67120487183756 1197854 5496 42.554105010591158 3.7149734740776212 14.199698896478846 -1.4545986737173157e-18
49 1141.2200020700711 -9.7175713295914219e-18 14663.995583109972 1140.3639873599136 4.9222644081062384e-17 14663.890031310209 0.0054141115247450453 -1.3782143997348442e-22 0.13876828803932767 0.1223792173689099 6.2907317706591489e-17 -0.99248341477116497 5000 5000.0000014228199 85.549946977221765 1198699 5135 -209.35292351293327 3.8153850108895511 39.015481139398773 -9.9317676913636852e-19
50 202.99282327905902 1.1570816532717631e-17 14663.999262386857 203.23924268867898 5.7347211432219764e-17 14663.018160191394 -0.0034143524401390301 -1.0174307652334974e-21 0.13883188596682855 0.96987585229006257 -6.5953723489422849e-17 0.24359973491201722 5000 5000.0000000346918 89.206908769661098 1197502 5169 446.48832183994517 0.54515665320884077 -24.593431230595179 -7.3285092840746585e-18
51 822.2503652378025 -6.6252578818898172e-18 14664.011320016862 823.08716094192346 -1.0158299686871032e-16 14664.717799086844 0.0024921046684182294 -1.0606817085620313e-22 0.13885150263376139 -0.64510170463786287 9.3722873773901318e-19 0.76409671533846546 5000 5000.0000015184705 86.790633037822531 1198093 5192 -176.98329431927738 0.34335240394262612 17.947984869789089 -7.6389645660494939e-19
52 700.82732813356881 2.5129923746718999e-16 14663.995543332994 701.19675307178943 2.8873981265404015e-16 14663.028348902335 0.0034571431400362593 9.1673315362884668e-22 0.13883082701899702 0.93417572739988286 -7.0428764217296591e-17 0.35681327181879929 5000 5000.0000015546657 87.263780027702964 1197749 5474 -378.80735265995639 1.9616909966608105 24.90184070979566 6.6032391603012266e-18
53 -787.69512994963316 6.0793187532292296e-17 14663.997859417488 -788.17978319368433 4.2402057472285568e-17 14664.775205603712 -0.0033785032900558979 2.5274735610479602e-22 0.13883276296668526 -0.84858071278453406 9.3032671550522187e-17 -0.5290659447586824 5000 4999.9999983912676 93.074759952041703 1198298 5153 335.33842409311217 4.197728833745713 -24.335057646779052 1.820516646819498e-18
54 911.1762528161122 -1.031786837474128e-12 14664.041088403974 912.46551807115429 -1.0316729557319673e-12 14662.9085283492 0.020574546288660428 -2.3301579928993406e-17 0.52199463720305272 0.65997300611046561 -1.7953830626723666e-17 0.75128931346063832 5000 88272.487083269662 86.444396253630742 537327 2364 -46.91828131692963 4.4999253983295455 39.415244568225425 -4.4639500616036471e-14
55 -604.63607335787242 4.3997662330853426e-17 14663.996956630725 -605.27300831395007 4.4071188305093613e-17 14664.626711372342 -0.0053561797319118714 3.3496162469956987e-22 0.13877053612476037 -0.70308725912199266 9.5233234300742063e-17 -0.71110358243350302 5000 4999.9999984516307 92.361121773595357 1198425 5560 513.19337020355135 1.252547015494665 -38.597384441150012 2.4137805765802167e-18
56 639.87016552664738 -1.1171312931159114e-16 14664.01238286805 639.25298835948843 -1.140871911737495e-16 14664.659524829976 0.0011550638154531883 -4.5662838080563796e-22 0.13886906135470775 -0.72366223894601722 9.5727811687065541e-17 -0.69015430478884998 5000 5000.0000027348133 87.50146025154956 1197003 5001 -51.202544752993553 1.2038698414982851 8.3176468839438211 -3.2881937585744184e-18
57 809.99277430324207 -1.989915460180333e-16 14664.012181301905 810.04152548796822 -2.6295757842086724e-16 14664.99516721175 0.0033451229938399377 -1.0750755452243918e-21 0.13883357130590121 -0.99877243145263861 6.6816224185154999e-17 0.049534116335749945 5000 5000.0000015349233 86.838378654158262 1197233 5270 -180.31168986752152 0.71956892206272061 24.094482064927988 -7.7436281089075107e-18
58 -1334.3535986286595 9.7781677190325012e-17 14664.018633270629 -1333.31837561928 6.8422777499181879e-18 14664.464801640259 -0.0066380267524952389 4.4864832304682261e-22 0.13871512879836975 -0.39579310629385273 -2.434119792122894e-17 0.9183397067645247 5000 4999.9999981992851 95.199315491778322 1199156 5425 176.44153168675209 4.6476678105045295 -47.853661024559074 3.2343142880900769e-18
59 1000.2515268942022 9.5219673485304139e-17 14664.011745028381 1001.3777783556035 3.6402950251449022e-17 14663.850748602321 0.0040033984679180385 1.3239561808307539e-22 0.1388161487845371 0.14151038913617567 -6.1243039306112554e-17 0.98993677115851297 5000 4999.9999997641917 86.097824027972194 1198198 4947 149.48478485309317 6.1765537636596202 28.839573082609405 9.5374795542392315e-19
60 -977.47136028048362 7.80567349759809e-17 14664.006027289279 -978.28322334795769 1.0855170589538339e-16 14664.316697031558 -0.0040512838794540046 3.0810787693073564e-22 0.13881475950359415 -0.35738988237369768 8.7944908630694867e-17 -0.93395528422679031 5000 4999.9999983038997 93.81357286879188 1198445 5367 209.32241790492822 4.0791985832864919 -29.184820792410839 2.2195613638819022e-18
61 -225.73197671010379 3.998981706541286e-17 14664.007971958466 -226.45109278926026 1.1577727343851894e-16 14663.495069295421 0.0046483266226574494 -3.7944666779448809e-22 0.13879604971265491 0.58067455147371982 2.3756073062947315e-17 -0.81413577832487205 5000 4999.9999980714101 90.88191905990692 1197732 5022 97.324221436468008 2.7686848042762096 33.490338033976712 -2.7338434240747094e-18
62 731.36655738267893 -8.0446920078977743e-18 14664.005293189535 731.06610468446252 -4.4610002525475208e-17 14664.893239510449 0.0017923427248710024 -1.023738257088092e-22 0.13886229825563107 -0.94724284725670183 8.6528235867077174e-17 -0.32051675058336743 5000 5000.000001504628 87.144741684613408 1197986 5418 -209.61618876862914 0.043254530892455567 12.907338762112992 -7.3723269018887779e-19
63 231.01009573507017 -1.3194943915502694e-12 14664.130167551397 232.42311785133234 -1.3191182255308592e-12 14662.8831046613 0.00024205580808131939 -1.9109071082560057e-18 0.56273435581713549 0.66170477009194184 4.5349010083149618e-17 0.74976449413993773 5000 107166.77721640411 89.097470589513534 500457 2357 -222.4770895030972 2.9023436451673805 0.43014222533087554 -3.3957534110054736e-15
64 891.5555933134732 -1.297912643986378e-16 14664.009905808391 892.63177832373685 -1.7384039230026104e-16 14663.658163226144 0.006230213518298844 -1.0871850133247494e-21 0.13873404341628429 0.31066932903976602 -6.8957546876182466e-17 0.9505180533813441 5000 4999.999999882989 86.520762726858109 1198012 5489 266.76640617674065 1.3483437563012983 44.90760425402231 -7.836468876370529e-18
65 674.34141900685506 -5.726922091901428e-18 14663.99380252539 673.72396178951749 -7.963187860217925e-18 14664.640698269144 0.0010712804438999229 -8.7901618772315572e-23 0.13886973294294658 -0.72337463036953575 9.5669811609960171e-17 -0.69045575003122972 5000 5000.0000015455889 87.367039517137101 1197900 4999 -177.06349205962516 2.9651752190297151 7.7142831716976739 -6.3297895739764392e-19
66 -925.75064598612369 -1.1745776111683853e-16 14664.003343384853 -925.73498394765738 -1.7942291884209917e-16 14664.989093761895 -0.0030294427473608128 -3.238084575886597e-22 0.1388408183612807 -0.99987380365638179 6.8616316280884488e-17 0.015886436232100658 5000 5000.0000007970611 93.61233599646954 1198114 5324 -58.077062176967523 0.21304801950796756 -21.819539693851659 -2.3322280969712429e-18
67 831.74309287544338 5.0958022600936422e-17 14664.006710336496 832.87089240512967 -8.6782024559435283e-18 14663.857175711111 0.0023874147236080481 -1.1717733025120398e-22 0.1388533421028183 0.13143939902819252 -6.0785778022343996e-17 0.99132420706139546 5000 4999.9999996382458 86.75365927003142 1197932 5394 108.40892172929095 2.367849845683025 17.193786533709879 -8.4389276107186789e-19
68 -260.32280110582127 1.3549571642625406e-17 14664.010870619133 -260.82010137612434 9.1355773059577402e-17 14663.246115433723 0.00075055415870126801 3.6312931075155892e-22 0.13887183671319819 0.83833870996726978 -8.8996265186414767e-18 -0.54514970931427387 5000 5000.0000000217569 91.01703629205025 1197592 5227 -516.30395991765477 3.6098415005505964 5.4046535025768572 2.6148520776138591e-18
69 904.84910052258579 -1.1134760643411511e-17 14664.005791928954 904.1259362098798 6.4565728670653165e-17 14663.498401382205 0.0059734726823962234 -1.9208946866124591e-22 0.13874533503209424 0.57435507099884764 2.4502569407119233e-17 -0.81860628540865688 5000 5000.0000014457401 86.469014988115759 1198664 5551 -410.54421760499639 4.1941474817140731 43.053502887246289 -1.3844751509433613e-18
70 698.8549690525723 -7.717995535588791e-18 14663.999400978277 698.00972354874568 3.32211039375347e-17 14664.173959124691 0.0014667610770309363 -9.6944342202440765e-23 0.13886611891042591 -0.20224978534831842 8.1674856066435979e-17 -0.97933396946594897 5000 5000.0000015105279 87.271469715590996 1197947 5712 -209.63247123434709 4.6030226476639049 10.562411396958929 -6.9811371530426121e-19
71 -1288.3742047074136 1.2091237412566808e-16 14663.995834674592 -1288.2889377943086 1.7644412568520496e-16 14663.012689161664 -0.0058067190230800415 5.1581795090208766e-22 0.13875241392394685 0.99626015313166549 -5.8110051280301232e-17 0.086404327481364437 5000 4999.9999978889591 95.02109638686774 1198974 4952 96.630974706316138 5.4771523834868727 -41.849499110428653 3.7175421768504754e-18
72 600.36516586911011 -6.7126949788416896e-18 14664.013512490217 601.48230966895949 -8.7543521920482511e-17 14664.214437691624 0.0036511923587802197 -1.7219845922167178e-22 0.13882585913175 -0.17701587774361513 -4.1279007875850864e-17 0.98420799607394271 5000 5000.0000015125706 87.655540214419247 1198187 5440 -472.81523750682385 6.1030482264531942 26.300520534255266 -1.2403918138784948e-18
73 -1017.1764328491543 3.4914730612235521e-16 14664.007185549755 -1016.4630000626653 3.5527829312888316e-16 14663.203629316782 -0.0063744018815547155 2.2827113554543742e-21 0.1387274931959252 0.74779708456429783 -7.8647599235109034e-17 0.66392734573414625 5000 5000.0000011084085 93.967995383876172 1197291 5417 -51.294923513526093 4.7930904828010084 -45.949088639208171 1.6454642860377321e-17
74 420.96258014473608 4.9844407358629218e-17 14664.004233627702 421.88506437537859 3.1696511058338184e-17 14663.388571495132 0.00038801089557748792 -4.6979548869814528e-22 0.13887332289221369 0.55512000877678569 -7.6883124608420524e-17 0.83177026503467333 5000 5000.0000000053042 88.355649900084458 1197672 5303 446.50124621608256 4.1203813270490812 2.793991585256745 -3.3829066584859952e-18
75 1290.5942740680853 1.3169070406493364e-18 14664.003479098312 1289.7342906129468 5.1208399062751495e-17 14664.047888831472 0.0060644670008261686 -8.4528919500998729e-23 0.13874138751383472 -0.05157150013333698 7.3991570500574864e-17 -0.99866930439959822 5000 5000.0000015016776 84.970298434460432 1198941 5605 -139.81179735652233 0.47989624147882814 43.710583478354252 -6.0925525552041818e-19
76 -581.68278356596375 3.6241244110861717e-14 14664.002911305299 -581.61520543816209 3.6177297186270385e-14 14665.007496353299 -0.0066309912060728681 4.1038961459156633e-19 0.37520391197058012 -0.99774504431886057 5.8761901272088557e-17 0.067118003872138968 5000 40288.98146227844 92.271583322550057 660072 3051 -190.81487043659698 1.6715438732214334 -17.673033234772902 1.0937775473506925e-15
77 -1032.2651001260888 1.4056709503889825e-16 14663.997458107928 -1031.3168024290967 1.1801435717949535e-16 14663.423389444544 -0.0065144313887747262 8.8181161633069658e-22 0.13872098812650224 0.51786804467161973 -7.6409475730942603e-17 0.85546051324233041 5000 4999.999999882195 94.026666578082029 1198444 5385 -338.42740960797818 5.1109066878809015 -46.960676079052256 6.356728194053493e-18
78 748.37793330563909 -9.9062820893062164e-18 14664.004025949067 747.51749164513592 4.0635244184909641e-17 14664.038494671822 0.0041115748629508928 -1.6783042130913978e-22 0.13881298686121077 -0.040027233201704697 7.3165400477072067e-17 -0.99919858865165401 5000 5000.000001479666 87.07844269845539 1198312 5196 -410.64730914364151 6.0687715708788401 29.619525924197308 -1.2090397671288599e-18
79 135.34089738345887 3.6246124751267943e-18 14664.000007466459 134.58951394198277 2.1415367906900831e-17 14664.456473875607 -0.0059316713464879012 1.163385262166996e-22 0.13874712841943337 -0.51920194323609192 9.2806536220676419e-17 -0.85465159070081409 5000 5000.0000015893866 89.471205534644767 1197644 5370 -209.81728837391069 2.8312268840297055 -42.751669270995102 8.384932181443608e-19
