# ELektron2 C++ Simulation Results
# Date: 2026-03-09 11:27:07
# Integrator: DP853 (self-contained)
# DP853 absTol: 9.9999999999999998e-13  relTol: 9.9999999999999998e-13  minStep: 1e-10  maxStep: 10
# Cores: 24
# Total time: 362891 ms
# Total simulations: 2400
# Detected: 95
# Detector: 1 m, 100 mm x 100 mm aperture
# startEnergy: 5000 eV
# startPos: -14663.993697025551 (reduced)
# detectionDistance: 14663.993697025551 (reduced)
# rangeMin: 9.9999999999999998e-13 m
# rangeMax: 1e-10 m
# spin: 1
# Z: 6
# alpha: 0.0072992700729926996
# reducedBohr: 274.49813790303745
# zitterRadius: 1.93079634e-13 m
# atomCount: 30
# atomSpacing: 735.44784117417589 (reduced) = 1.42e-10 m
# chainHalfLength: 10663.993697025551 (reduced)
# maxTime: 1000000 (reduced)
#
# Columns:
# idx qx qy qz rx ry rz vx vy vz ux uy uz energyIn_eV energyOut_eV angle_deg steps elapsedMs dxZERO_reduced psi0 xDet_mm yDet_mm
#
0 -690.01569588451389 9.9295326218303147e-17 14664.014347217511 -690.65703215863391 9.9873576561261876e-17 14664.63997965851 -0.0067097378436695018 9.5297058687629432e-22 0.13871167860526712 -0.69828869151938511 9.5161925819252327e-17 -0.71581624889340834 5000 4999.999999963663 92.694067654117589 1198175 4470 -488.717266792901 5.5234055717214883 -48.371830772544058 6.8701539514071481e-18
1 736.60452687414647 3.4054174388209411e-16 14663.996873967964 735.82701683087487 4.1274577739117464e-16 14663.599109544539 0.0015193417909608962 4.1276325140217636e-22 0.13886555358972111 0.45544729770946946 3.6111476455014653e-17 -0.89026274832301644 5000 5000.0000025511135 87.124325182202654 1197605 4522 -55.60070987365679 0.5339408926655923 10.941099154436802 2.9723948144958054e-18
2 290.4130585861725 -1.044388588742968e-18 14664.011983130506 290.2572607235295 -5.0217117077114312e-17 14664.96159041614 -0.0033895848142212501 3.1526412485690317e-23 0.13883249289800187 -0.98680699808214201 7.8794789786183967e-17 -0.16190105408978706 5000 5000.0000015590913 88.86543548395511 1197642 4424 -239.19289181813787 3.2083600880546301 -24.414924370129452 2.2708237695373153e-19
3 631.94391173340887 4.8490777896381628e-17 14663.998540812328 633.03235747880058 1.1242840804963297e-18 14663.687726429305 0.0002688841356523168 -8.8292357395380624e-23 0.13887360468196616 0.27458218261986872 -6.7712263968393079e-17 0.96156363502580378 5000 5000.0000032835287 87.532369550236211 1197957 4867 -42.618097502137658 1.9628303646927932 1.9361788459951565 -6.3577493791983417e-19
4 -470.65720922824681 8.409701429700893e-17 14663.99951474706 -469.73277905168845 6.5445791505655449e-17 14663.386882180936 -0.00014549577253609796 1.9537598797588434e-22 0.13887378872375319 0.55241692688221478 -7.6830534937281057e-17 0.83356795637338932 5000 4999.9999999866959 91.838340037152875 1197448 4490 -358.59822710417387 0.70059835803030901 -1.04768346765218 1.4068600689257851e-18
5 -1438.4440669919734 2.0069682009125091e-16 14664.013980184453 -1439.0849360853217 2.012475321895424e-16 14664.640076444672 -0.0065906611249037317 8.8823859111210991e-22 0.13871738728684202 -0.69881440388494265 9.5145318603389222e-17 -0.71530303317775967 5000 4999.9999963672826 95.602418469081414 1199341 4393 41.567541565669622 1.3788473410491189 -47.511427758334705 6.403224631641858e-18
6 -466.7325087731594 -2.212671916876347e-18 14664.005172993157 -467.5431028664957 2.7981414643650678e-17 14664.319020523726 -0.0033605166817989606 9.2841644992458804e-23 0.13883319952805145 -0.36106331032365085 8.8194855453374643e-17 -0.9325413054523235 5000 5000.0000000012196 91.823020233721536 1197896 4800 -516.3258899719799 1.7593550098943576 -24.205425598651303 6.6872797938867651e-19
7 104.65157839688635 5.5548854156467919e-18 14664.00929779664 103.8946704934108 7.8745702042723903e-17 14663.57461824253 -0.0066140166103864301 -2.6054260424666109e-24 0.1387162757399362 0.49800396237795225 3.1270779111248882e-17 -0.86717475313507297 5000 5000.0000019258096 89.591108281080011 1197705 4613 -97.514044220869366 2.7997063271370255 -47.680177218615057 -1.8782410561189199e-20
8 -582.63838704124214 4.7819372600251878e-17 14664.008454647683 -581.70486443916911 2.7668854345807026e-17 14663.410181492851 -0.0025946206740020831 2.2064946851429853e-22 0.13884962477878179 0.53957740785536168 -7.6664793852443138e-17 0.84193599721477741 5000 4999.9999984453898 92.275310360010678 1198154 4753 442.96099256370729 0.50031335772386842 -18.686551570707437 1.5891254215907462e-18
9 519.3902174750084 -5.3284594189368833e-18 14664.003435777351 520.47358512544554 -5.1320517718849349e-17 14663.67499192652 0.0028193863596024512 -1.6117707899786517e-22 0.13884524273422999 0.29012925411549118 -6.8233373669422195e-17 0.956987469152762 5000 5000.0000015290225 87.971465816444478 1198072 4262 -486.87679567316815 5.3890948891995727 20.305962984984422 -1.1608397653665496e-18
10 -270.01267816360405 -3.4784965141037694e-17 14664.00762511533 -269.80273175458723 1.3875078707691439e-17 14663.016850098822 0.0029382893512266963 1.2520110889964991e-21 0.13884277735897929 0.97827779445886809 -6.3894162821811052e-17 0.20729823333669861 5000 5000.0000014486895 91.054884803246253 1196310 4536 -47.305149950566054 6.2806887430534903 21.162709412170013 9.0174736692238065e-18
11 -753.6082002613856 1.0568328560516683e-16 14663.994784355113 -752.51368778473238 5.6527204987186916e-17 14663.706607755817 -0.0029967923482171733 4.7188197278360021e-22 0.13884152692564725 0.25461476648136844 -6.7007492960287801e-17 0.96704256434351632 5000 4999.9999999641168 92.941941599864904 1197529 4632 -211.52318510815599 3.3026027643895506 -21.584265274048899 3.3987091847261485e-18
12 -368.6066744629054 7.3763265746724084e-18 14664.004919705761 -368.57802465263893 -5.5356656643361527e-17 14664.989707660621 -0.00051985326895326463 2.4976594779973628e-22 0.13887289194146668 -0.99957708665406642 6.7949385410223608e-17 0.029080062445840577 5000 5000.0000000124528 91.439931337541125 1197670 5416 -489.99218649134929 0.99257974993633302 -3.7433746909539174 1.7985219743606244e-18
13 -1327.4506014968802 -1.939525642407668e-16 14664.020396175809 -1326.3505892518706 -2.4482287916834854e-16 14663.754373563854 -0.0060511095171131395 -8.7231704182848707e-22 0.13874197072222527 0.23506000706115149 -6.6290988814536743e-17 0.97198085964474656 5000 5000.0000007142326 95.172563594804345 1198880 5334 -58.159775125016495 3.2788660373252925 -43.614124014628857 -6.2873335104555303e-18
14 322.68279168554818 -2.0618617330692955e-17 14664.004011873225 323.80616031549164 -7.8119162451622862e-17 14663.8236792813 0.006729552426373432 -1.2673837126862587e-21 0.13871071872186647 0.15849919859375586 -6.1989753808057493e-17 0.9873591057984652 5000 5000.0000001673316 88.739404410542946 1196764 5571 376.69235136663116 3.4497895246954058 48.51501375223269 -9.1368837560962579e-18
15 260.92162364699738 -6.43965088129067e-19 14663.995267815517 261.32468664341002 3.3578878957031029e-17 14663.042753490146 -0.0025151906295277694 -4.0586831749404406e-24 0.1388510863680541 0.9209408229937166 -7.204427747988543e-17 0.38970245100847628 5000 5000.0000015605665 88.980623620230475 1197711 5229 -443.24597095524172 6.1163097030700184 -18.114302850038392 -2.9230474756114218e-20
16 841.01494691513324 -1.3480623340279634e-16 14664.000156171895 840.56206017455736 -1.5631954141053739e-16 14664.794368832614 0.0045180993631425102 -8.9686352218394132e-22 0.1388003499320494 -0.86868995454988907 9.2734391579217728e-17 -0.49535619747028653 5000 4999.9999998828753 86.71754792723705 1197749 5282 240.32882877553934 2.084360956525614 32.551066084158826 -6.4615364631501768e-18
17 219.29229884536545 2.5391436816401306e-17 14663.993928206477 219.65160413325552 6.3759180835393283e-17 14663.02258522531 0.0052413013713860073 -6.166032491742433e-22 0.13877492256138443 0.93789062926532651 -6.9922962616902685e-17 0.34693107339880885 5000 5000.0000022161657 89.143235685783878 1197194 5313 -513.91110452589703 3.4957786880039294 37.768360988042474 -4.4431892866054431e-18
18 675.27816146638997 -8.761118506861176e-18 14664.00808727076 676.36011133617819 -5.4368583719613816e-17 14663.674884238228 0.0035270824092217159 -1.607455456457073e-22 0.13882906777371515 0.29432418877125693 -6.8375931656730095e-17 0.95570564144874826 5000 5000.0000014943025 87.36338973646501 1198213 5427 -427.23133186914845 4.5417261716242061 25.405935988641041 -1.1578666357373729e-18
19 -553.7317537869983 4.3771091007001525e-17 14664.017065326583 -553.89022183103964 -5.2103591301794563e-18 14664.966330805702 -0.0038832077756442169 2.8388216163545885e-22 0.13881956294077136 -0.98635056296777956 7.8902864025107931e-17 -0.16465893682118068 5000 4999.9999984573042 92.162533328011108 1198258 5054 500.21078965801382 3.493079073285541 -27.97305864808855 2.0449723052116205e-18
20 153.37715611522697 2.5753850623686722e-18 14664.004038248291 154.07998532917907 9.8068428471405318e-18 14663.190937849711 -0.0043229184457848823 5.9803367564132626e-23 0.13880656593138804 0.75654395204771263 -7.8420857263552632e-17 0.65394284891830246 5000 5000.0000015767919 89.400740530761482 1197684 5107 -458.45464880695437 1.0535776055355333 -31.143472333446365 4.3083961599981782e-19
21 -26.795308086987646 2.0199731224796926e-17 14664.008940239035 -26.962886667344179 8.9273912821714541e-17 14663.059712950466 0.0067809543600979025 -3.2945123954147393e-22 0.13870821538649286 0.98477150390043833 -4.0499296766967184e-17 -0.17385363045504684 5000 4999.9999984687638 90.104695541422004 1197791 5537 472.92445745520416 0.8749732607251659 48.886465312841295 -2.3751386219157954e-18
22 621.38567474117758 -6.9366791885795349e-18 14664.018573793779 621.93215336793355 -9.6122171722430197e-17 14664.918669826657 0.0039698614047787859 -1.7746321605928336e-22 0.13881711194852808 -0.85479099033587314 2.9035327475821995e-17 0.51897240930626565 5000 5000.0000015109817 87.573551235156486 1198230 5486 -472.80117245122517 0.044885929316983486 28.597781275342832 -1.278395822880142e-18
23 -645.79273869565873 5.5083452147763807e-17 14664.009759963577 -645.73177740715141 1.1230394501693985e-16 14663.02422706532 -0.0017885790990824866 1.7609067661609421e-22 0.13886234674072873 0.99809237972046816 -5.6437368030042894e-17 0.061738169937514825 5000 4999.9999984152082 92.521636713869754 1198076 5696 335.40967895027973 0.30275713605092119 -12.880230970184886 1.2680952090264964e-18
24 -925.53279960180635 9.6998176244377844e-17 14664.011562868276 -926.39394461508186 1.4982500872392965e-16 14664.009780554388 -0.0030497424600993079 3.1951403758123412e-22 0.13884037390739223 0.002069698744716012 7.0102837063614759e-17 -0.99999785796477869 5000 4999.9999979631648 93.611486177532541 1198299 5185 96.965944530934266 2.2194010444417342 -21.965818545933281 2.3013049345023579e-18
25 -218.30709115861478 3.1362359050455345e-17 14663.99448776244 -217.63535929056192 4.2245053869620747e-17 14663.154401248448 0.0019451827728351426 2.5358533492886173e-23 0.13886024132840419 0.78102177391726835 -7.7749867455187221e-17 0.6245037935379204 5000 4999.9999984853303 90.852915693205503 1197806 5455 513.45825699015234 2.8787953869765883 14.008205330961433 1.8261910861088952e-19
26 773.14032679005936 -9.7488005045806308e-18 14663.996769340287 772.28473682451818 4.9371246606442072e-17 14663.887914062376 0.0047892448078744451 -1.8058777700464061e-22 0.13879125874251869 0.12621093439503053 6.2592260286370681e-17 -0.99200342822165599 5000 5000.0000014738789 86.981948329597202 1198414 5245 -427.17050830470981 4.5859855992263512 34.506818738198099 -1.3011466186041408e-18
27 -393.26595062210544 -9.1806221391077602e-13 14664.013584801314 -393.48027615603269 -9.1802358192294779e-13 14663.11523461551 -0.014079950014022461 -3.2881345600788616e-17 0.52020121994291568 0.97270056399590632 5.5405805685465671e-17 -0.23206381174949756 5000 87411.34664558126 91.536215129299009 826656 3589 477.96586694543925 0.32675019888186402 -27.066353315295043 -6.3208897519303883e-14
28 -852.99293765650066 1.2305188372157123e-16 14664.004106677996 -851.94970613989938 3.2811381275740767e-17 14664.43062793104 -0.0035408608044310633 5.526533754207237e-22 0.13882871701505489 -0.37843881003003621 -2.5730722908460529e-17 0.92562631043995802 5000 4999.9999999270131 93.329096446414269 1197858 5262 -242.91877968249179 2.795641286490008 -25.505247621405911 3.9808289473768795e-18
29 18.716813758997933 -8.7775564739275922e-13 14664.113988267743 19.853755922582057 -8.7762487329888382e-13 14662.832800157479 0.002692842643545934 -1.2284945832229378e-16 0.55963666891110508 0.747957445493178 -3.4656027590535686e-17 0.66374668265406045 5000 105603.37849880609 89.926869509277566 1068617 4603 291.33328920367939 3.3602486708683368 4.8117694803406028 -2.1951645620599545e-13
30 773.81432734148984 1.4676018626123864e-16 14664.01483822776 773.69325855867908 9.498054229468971e-17 14664.967808671357 0.003437333003442128 3.1445808642283574e-22 0.13883131891298967 -0.99202635585783172 7.7271582293074433e-17 -0.12603058566891406 5000 5000.0000015091664 86.979325868291255 1197442 5179 -268.31265509898333 0.50867292388650931 24.759060350038325 2.2650370887848249e-18
31 -547.29577226537401 4.72406936334523e-17 14663.996862633812 -546.34808391678973 -4.6909950840655229e-17 14664.581179652167 -0.0017690127599940383 1.8121291586395684e-22 0.13886259738143586 -0.52482961690890451 -1.2037642659054809e-17 0.85120730303796044 5000 4999.9999984489077 92.137424761760684 1198064 5394 427.15775279003304 2.8552352449153378 -12.739303407488563 1.3049800254433572e-18
32 1136.6565703417978 -1.311876340989346e-17 14664.010715329268 1135.9327431849874 6.2567409525844402e-17 14663.504233503272 0.0061941863709527884 -1.6966953601923811e-22 0.13873565664268894 0.57331253491024647 2.4629418618891902e-17 -0.81933676759214402 5000 5000.0000013985382 85.567675048129729 1198854 5414 -290.51879704954871 5.8394802119669906 44.647400104976604 -1.2229699280280829e-18
33 -868.47988613415987 -5.5160453385890531e-16 14664.006412649955 -869.07940158463146 -4.7375439728073232e-16 14663.341628375287 -0.003455768518230339 -2.0352470839995593e-21 0.13883086119783 0.74262188902252757 4.4936136853814893e-18 -0.66971093143028793 5000 4999.9999982697464 93.389399362219734 1197827 5167 215.62080631175451 2.8959486271386856 -24.891933165393016 -1.4659903903494413e-17
34 -876.38846568435895 5.8661400642839e-17 14663.994878238253 -875.88835313258551 -2.9380323791074908e-17 14664.924206346966 -0.0056390997568316094 3.3471284163384454e-22 0.13875932729500368 -0.88058771372144373 3.2853847394463147e-17 0.47388318828190157 5000 4999.9999983872958 93.42019376491514 1198666 5609 410.42117780176665 0.26260675725589033 -40.639428474907696 2.4121826486102933e-18
35 -757.55444154441045 7.0604295357740452e-17 14664.000429124088 -758.25303062373052 1.4673792387185376e-16 14663.460877649177 -0.0018842836102956168 1.9462416962005037e-22 0.13886108105735243 0.61125783408124845 2.0001438736866305e-17 -0.79143152638039804 5000 4999.9999983112748 92.957318555741281 1198074 5196 176.86941506600317 0.62391562773338116 -13.569558842173853 1.4015746394748767e-18
36 958.71206130395512 -1.5464482686204945e-16 14664.019693888464 959.71419468449301 -1.8461885595905374e-16 14663.513916719316 0.0054506067552008023 -1.0368712244679569e-21 0.13876685933084101 0.45056747760332294 -7.3975287925026663e-17 0.89274237463516914 5000 4999.9999997329887 86.259409594352178 1197947 5269 141.56339641937916 2.1176859440964373 39.278879564505658 -7.4720378443955439e-18
37 -285.03276190429006 -1.0072639802043943e-17 14664.002353511456 -284.47238048892279 1.1012962010114859e-17 14663.108266567346 -0.003715358835264311 1.9931914356904402e-22 0.13882415663793707 0.84732589479072973 -7.6355666001318232e-17 0.53107327790984415 5000 4999.999998408287 91.1135512397274 1197195 5349 513.98113427402586 3.987972990789423 -26.763057131002224 1.435767004793568e-18
38 -506.1912594466985 4.1701491456906094e-17 14664.016001012747 -505.0835069533548 -4.1505672524351826e-17 14664.265040369512 -0.003621020554437721 2.8058400324798458e-22 0.13882664934325209 -0.21934037670994502 -3.8528743568376467e-17 0.97564839861494213 5000 4999.9999984662682 91.977023986145738 1198205 5138 513.27538346932533 2.3716216238453995 -26.083036445579438 2.0211105329945271e-18
39 718.77892325646405 -6.1157619867657951e-13 14664.17782866394 720.76384386957352 -6.1156829629086389e-13 14664.387344804672 0.016490521563504949 -1.403634600955756e-17 0.4978430424574623 -0.10497076248308021 -4.782576089129655e-17 0.99447530838318043 5000 78313.686596227053 87.193837593053814 620940 2900 -270.51172059062452 3.5164770936982848 33.123936978418179 -2.819431992113635e-14
40 -384.19087647595762 4.188939201394477e-17 14664.011874637528 -384.32234248811341 -8.9863301819253907e-18 14664.963929695303 0.0014376616485235461 -5.830022992474265e-24 0.13886642317954515 -0.99060026344269281 7.7786846996579604e-17 -0.13678858580151768 5000 4999.9999984574179 91.500781738129987 1197812 5233 355.86442053340784 1.0763953907544472 10.352838473161681 -4.1982956419468146e-20
41 -261.69828025017472 4.3362310348122635e-17 14663.999821811396 -262.55341372948362 1.0266269453422146e-16 14663.887551647646 0.0041114712071384975 -3.2427729433365444e-22 0.13881298988471266 0.13017253858750233 6.2278756715049663e-17 -0.99149135752002671 5000 4999.9999980692546 91.022409684373656 1197729 5396 97.314084919700989 2.9830302042915329 29.61877854913411 -2.3360731196912774e-18
42 -754.71812870734959 5.7337301445198975e-17 14664.012827423647 -755.03669145347919 1.3107704171907742e-16 14663.135499441776 -0.0035501311846464828 2.58228849393562e-22 0.1388284802411342 0.93995353419679384 -2.8073929295884025e-17 -0.34130243757678924 5000 4999.9999984034084 92.946263299875142 1198320 5579 374.93157623106339 5.2959222606617038 -25.572066902123993 1.860056732919922e-18
43 -291.04462415227221 3.5306402446413469e-17 14663.997429948109 -291.00403114285655 -2.8070213611335045e-17 14664.98121213621 0.0017600774499584423 2.5858225611522543e-24 0.13886271092396743 -0.9991498020677344 6.7311965352878505e-17 0.041227110380304299 5000 4999.9999984803371 91.137032351346207 1197814 5118 458.26570528778109 1.4683617120123151 12.674946630720404 1.8621432232934656e-20
44 -1001.9026227820957 6.800417297215716e-17 14663.997784019793 -1001.6431890854088 1.1252209528651499e-16 14663.020353559026 -0.0055646910949137176 3.4143404633232512e-22 0.13876233123690693 0.96653326455263744 -6.6786931463253626e-17 0.25654131726205121 5000 4999.9999983487178 93.908600979558813 1198734 5179 335.2073839168641 1.9123526178280756 -40.102317720600993 2.4605672396019328e-18
45 698.80850436983792 6.0802942724127239e-18 14664.016420993883 699.49591496461153 -8.7174554717688536e-17 14664.843319604079 0.0010439432241453755 -7.8345713072541971e-23 0.1388699411432211 -0.76898524437608662 1.6160408249606112e-17 0.63926652958474073 5000 5000.0000018460432 87.271654014834397 1197940 4864 -97.282993614196783 2.1010407229648167 7.517416768173919 -5.6416609978786904e-19
46 -255.29317334300578 -1.3940784711229365e-16 14664.022562736871 -254.33046314328828 -2.3288494997295217e-16 14664.580476883813 0.0030246971796718406 2.5500807874389161e-21 0.13884092179351859 -0.50141021089387372 -1.4243742279470753e-17 0.86520968517204822 5000 4999.9999984064716 90.997389617146467 1197273 5574 378.66313270134202 3.8947523753775157 21.785343547128772 1.8366924927445704e-17
47 720.87195631302609 -9.6142212954500932e-18 14663.994709216166 721.78144690738725 -2.5962914934267185e-17 14663.359475738202 0.003770119691815546 -1.622691439103884e-22 0.13882268030374018 0.57260905337431589 -7.6987755922004656e-17 0.81982856304368612 5000 5000.0000014851121 87.185644277950786 1198257 5535 -410.66368915017728 0.37177636929443231 27.157807957364231 -1.1688950505446805e-18
48 -713.67260094898336 6.1605362244967248e-17 14664.004909102019 -713.99891285610431 1.3568359930152262e-16 14663.130090081762 -0.0019506910767087852 1.8676399231126757e-22 0.13886016405631979 0.93694226173688389 -2.7272587528393717e-17 -0.34948418840647266 5000 4999.9999983859343 92.786291303501187 1198091 5201 265.7919423632074 3.1480678803074498 -14.047881118141353 1.3449789115582394e-18
49 435.92843811498017 -6.8547444575657018e-17 14664.004398855446 435.31017778170889 9.4314746209581414e-18 14663.35621354019 0.0013948995250242357 -4.650070524752972e-22 0.13886685932522366 0.72361310271789969 7.1620056685287237e-18 -0.69020582282811926 5000 4999.9999999938445 88.29722460537684 1197292 5603 394.12124792610433 2.5938948569887503 10.044869825689702 -3.3485819059697973e-18
50 -850.19244264638928 5.6690753331153467e-17 14663.995589412169 -851.03932012852317 1.1855820950094157e-16 14663.833368574498 -0.0057387246861851857 3.3697167014762737e-22 0.13875524277098603 0.18813134753245872 5.7394589153986128e-17 -0.98214387739203457 5000 4999.999998395012 93.31819294318143 1198665 5528 426.97497185347743 4.1387104877857466 -41.35861515270372 2.4285328858081083e-18
51 -460.09371854962876 4.1633800070535996e-17 14663.997474158237 -459.90331037521736 -3.1301730714609577e-17 14664.98830236436 -0.0018200365735808063 1.9807766803800218e-22 0.13886193799818547 -0.98203138150956404 5.6919415055165909e-17 0.18871768410092932 5000 4999.9999984692176 91.797107713549011 1198047 5583 486.77154251948502 4.4239373621023894 -13.106806658600638 1.426436004663787e-18
52 -563.46888096906696 5.1396224458320108e-17 14664.020940637791 -562.3315328204942 -2.1661751321780613e-17 14664.07648427421 -0.00079737480842030542 1.2322677605386866e-22 0.1388715757489794 -0.048777956876996674 -5.0258962436009931e-17 0.99880964717575771 5000 4999.9999984293918 92.200522874900201 1197969 5455 335.44547026059286 5.0541997525950775 -5.7418143642412405 8.8734339903084375e-19
53 520.02857676292842 6.1707648017044866e-17 14664.013289102357 520.83404875897372 5.8389157978601876e-17 14663.273944773995 0.0010558994538476876 -3.0892158088177189e-22 0.13886985072308239 0.67621899101807081 -7.8345721217948014e-17 0.73670066861597183 5000 4999.9999999863558 87.968976086142646 1197729 5278 397.32103300649362 2.3627124379055036 7.6035183184090531 -2.2245403107531693e-18
54 373.97157175949798 -2.6009829173884924e-18 14664.005983704008 373.27430958031397 7.3550578192920013e-17 14663.464786280218 -0.0023038713944195299 -8.6082409380226665e-24 0.13885475341556258 0.61315137217638838 1.9763461468464676e-17 -0.78996543933740626 5000 5000.0000015623818 88.53912025980577 1197662 5705 -209.76005021985938 4.8617722684745557 -16.591951933575764 -6.1994571494863002e-20
55 988.66153357136261 8.2315039918862703e-17 14663.996945992147 988.54016763049344 3.0715341167502526e-17 14664.949885397727 0.0033869527951492272 1.7270642175770826e-22 0.13883255715658432 -0.99198711968693021 7.7336370256458338e-17 -0.12633904088773262 5000 5000.0000032391645 86.142897690782064 1198409 5353 -42.313837800817304 3.6362345110577836 24.395954843136707 1.2439907849778984e-18
56 336.63254840702507 -8.5437447672760617e-17 14663.998432042144 336.31010581850768 -1.1462128434226356e-17 14663.122335695049 -0.0027333209330602827 4.0798254884199364e-22 0.13884696366850713 0.93845764704884016 -2.7569761797121072e-17 -0.34539433347344839 5000 4999.9999999281481 88.684926402359906 1197266 5407 181.65901929869406 1.2736346362701567 -19.685853120893611 2.938361330075892e-18
57 -790.81983536020118 6.6951195378112559e-17 14663.999336018502 -789.71056010644224 -1.5914370500752095e-17 14664.241276579864 -0.0025448659744557946 2.2203989367544537e-22 0.13885054560388174 -0.21309717912525081 -3.8941116111402575e-17 0.97703100791338238 5000 4999.9999983593843 93.086933354139759 1198173 5266 238.85102312604147 2.4786381313644874 -18.32809488351517 1.5991287085676238e-18
58 -571.03761168118683 5.9636126045665983e-17 14663.999803773655 -571.8843210635539 1.0110183171316227e-16 14664.16733551451 2.2837910589889439e-05 6.7099915147613824e-23 0.13887386304015303 -0.19409919220834587 8.1170858604559762e-17 -0.98098190779427374 5000 4999.9999983440657 92.230054710208506 1197864 5055 176.96029976989985 2.6196270804843538 0.16445074753401395 4.8317166152577624e-19
59 556.41346707636887 -6.7074821264834217e-18 14664.002708216785 555.56683027741224 3.4732245058600208e-17 14664.170613657327 7.4437781132971029e-05 -6.9330655195693264e-23 0.13887384501178557 -0.19453183438548227 8.119353748920509e-17 -0.98089620541952705 5000 5000.0000015207397 87.827001450880132 1197803 5139 -239.10739349662651 5.47912297520684 0.53601008258001248 -4.9923479248241096e-19
60 1387.1945973050288 1.2642230510744105e-16 14664.005618414989 1387.701265373877 1.5289721677730817e-16 14663.078191450511 0.0062514282905995191 4.659954301189945e-22 0.13873308913181598 0.87757762138661666 -7.4435918839495767e-17 0.4794345813983274 5000 5000.0000032012667 84.595980425586845 1199187 5489 -41.82635696915662 3.6542450455892097 45.060831051341914 3.3589350099184569e-18
61 410.31921999429585 -3.6651938272330178e-18 14663.997293625833 409.70254751024936 7.428435609298854e-17 14663.34767472459 0.00096958787685195178 -1.2079550542443718e-22 0.13887048019210696 0.72525887564626834 6.8543766502117876e-18 -0.68847626274720364 5000 5000.0000015462692 88.397201915972104 1197899 5482 -486.94227819020421 2.0635622487464538 6.9819581203339194 -8.6984293031416251e-19
62 -406.57568429806878 3.8784402376184837e-17 14664.010841780226 -407.43681540019918 9.121112238321728e-17 14664.015469648821 -0.0017857462535884427 2.1035084344033971e-22 0.13886238320037914 -0.005374095828271982 7.0655400104211497e-17 -0.99998555863844885 5000 4999.9999984771603 91.588181058529841 1198020 5474 513.34802266717816 5.0479902920162694 -12.85982720757141 1.5148151615459628e-18
63 636.19995193473562 8.1599932205094714e-17 14664.001353177024 636.41333972121424 1.3001774113958198e-16 14663.011431065172 0.002339745175004398 -8.0997638308545978e-23 0.13885415354225672 0.97754644101310983 -6.403273939929963e-17 0.21072008514546314 5000 4999.9999999633219 87.515771684441134 1197875 5162 379.3133578481129 2.6309466736651639 16.850379447182732 -5.8332888316442338e-19
64 370.83992644882233 -2.9205312265281677e-17 14664.007069734182 370.00001327600216 9.8719747864580487e-18 14664.205089691586 0.0063263817322614371 -1.1915371272199882e-21 0.13872969133469884 -0.22947120168416985 8.347208943362263e-17 -0.97331545051869972 5000 5000.0000000218697 88.551348567823922 1196672 5249 292.04344413777147 4.7774466783578884 45.602218756462356 -8.5889121193623164e-18
65 809.01011300882908 6.4557892793444749e-17 14663.999479068585 808.27905630955058 7.9154197896209504e-17 14664.48621496642 0.0019113585269777585 4.185486150169489e-23 0.13886071109041404 -0.55419936338946185 9.4172804634241742e-17 -0.83238396551151117 5000 5000.0000032606094 86.842203750571073 1198152 5317 -42.482632963815199 1.7146715943664745 13.764573953054638 3.0141615416647723e-19
66 -826.75832961850438 5.6098317542831249e-17 14663.99612180672 -827.57273462809508 8.7156081329797285e-17 14664.300311166355 -0.0054516452552361401 3.2776259268833866e-22 0.138766818517567 -0.3499003694653624 8.7551298745679976e-17 -0.93678691927435986 5000 4999.9999983995503 93.226928479798929 1198609 5524 426.99145610314929 0.87925434019642501 -39.286374894773537 2.3619666155770948e-18
67 531.65784453260244 4.007234826669045e-17 14664.008219599697 530.79675843326856 9.2163833273553075e-17 14664.017945769217 -0.00077498781548444265 -1.6302253325191909e-22 0.13887170255301576 -0.011294514273462107 7.1122261444377395e-17 -0.99993621538013766 5000 5000.0000032956696 87.923595416676221 1197873 5165 -42.681604995245159 2.9201288438113604 -5.5806028243124812 -1.1739075006276638e-18
68 1276.8544206489416 1.1359565705350934e-16 14664.007499332232 1277.0828810132716 3.8838527887648923e-17 14664.988265525386 0.005498460019034669 3.8385387802526101e-22 0.13876497149199399 -0.97392576177754686 5.4476075795801455e-17 0.22686694625231985 5000 5000.000003208188 85.023576395810551 1198943 5347 -41.976715868364167 2.6625142854891828 39.624265114715215 2.7662159541999929e-18
69 -572.52232476517781 4.5951996841724341e-17 14663.99579770852 -571.58652323994875 2.5429364358528003e-17 14663.401200974224 -0.0032174614929279428 2.5150858290122389e-22 0.13883658847441216 0.53628903679059292 -7.6626285242425156e-17 0.84403440033578758 5000 4999.9999984510632 92.235847645502275 1198209 5456 472.6910321346017 3.8162687717969557 -23.174449388901014 1.8115439572874364e-18
70 -1167.3101081186478 7.9393573710081843e-17 14664.000621174213 -1167.8985027133742 1.5707682999784531e-16 14663.3263136611 -0.0061577555529852175 3.8082207272655778e-22 0.13873727834882937 0.75347556222534162 2.6921950950848839e-18 -0.65747591291066465 5000 4999.9999982982263 94.551364072120833 1198936 5097 265.50906541911257 1.1243720261242305 -44.384289689629583 2.7449152618451311e-18
71 706.67855036723267 -8.703891881239018e-18 14664.014281974038 707.73942038949735 -9.7080424075730419e-17 14664.392677024898 0.0043230371795511509 -1.7662083775409542e-22 0.13880656223235646 -0.33595282569636398 -2.8895117635371665e-17 0.94187881373045357 5000 5000.0000014891966 87.240973942452115 1198318 4967 -443.02902536033923 3.6127780116338286 31.144328553534557 -1.2724242637638372e-18
72 1207.0535222406822 -6.2486412796270575e-18 14664.010619247094 1207.5632907427894 1.9881509176887021e-17 14663.084998299486 0.0056857241078166797 -1.2026337495929987e-22 0.13875742470371269 0.87594524645679772 -7.4560640265596222e-17 0.48241053526206046 5000 5000.0000014408606 85.29436330750255 1198795 5286 -176.70592440890636 5.6164412606995029 40.975999085867649 -8.6671668356556078e-19
73 297.97115638976214 -1.8551564148919724e-17 14664.014706102962 298.37391944263055 1.5837508429251498e-17 14663.062050721515 -0.0024578185419791812 -2.6256136013604159e-22 0.13885211376719547 0.92106556650702298 -7.2011847721933281e-17 0.38940752850437749 5000 5000.0000015899532 88.835916297814592 1197046 5239 -339.98099214558476 5.2084696309323943 -17.700980383345474 -1.8909424783857564e-18
74 -868.09480098608378 -2.6357306775066012e-17 14664.006360123512 -868.249963823342 -7.5629659929911972e-17 14664.956015979438 -0.0032395828961190743 -3.7651200286643521e-23 0.13883607408001367 -0.9869135398590968 7.8779414340292772e-17 -0.16125031453501185 5000 4999.9999999295096 93.387900011456068 1198020 4952 -216.90211841118807 5.6468736225659919 -23.333869944003499 -2.7119176724159218e-19
75 999.06808580485301 -1.6646903385563857e-18 14664.010573412854 998.55722281735984 7.6440900429107374e-17 14663.254245709901 0.0038339593181036819 -9.641672445323306e-23 0.13882093187062503 0.82867497976196913 -7.2344689982612373e-18 -0.55973009347428215 5000 5000.0000015578426 86.102426313609158 1198360 5550 -140.06276236391381 4.9462264239334521 27.618020326190884 -6.945402480303848e-19
76 765.71276548955234 -9.2173735803522361e-18 14664.00838468608 765.93913684646225 -8.3850710197345738e-17 14664.989732365217 0.0051067404392380802 -1.8768329890294405e-22 0.1387799393690142 -0.97441153110735212 5.4640497530606098e-17 0.22477136922348281 5000 5000.0000014787583 87.01089228901931 1198446 5386 -442.98946315344699 6.0934284595923778 36.797396384929371 -1.3523806088709723e-18
77 -888.20478899791522 5.6211320681986734e-17 14663.996894854874 -887.77748376886041 8.8202296876796916e-17 14663.055634084836 -0.0066661468971400207 3.6355880798832346e-22 0.13871378029233891 0.91056337561530232 -7.3118618962186199e-17 0.41336949641300141 5000 4999.999998391494 93.46619598803936 1198825 5682 442.75639263297825 5.6061086469646959 -48.056846861870063 2.6209278358799268e-18
78 -1059.6246070313457 6.6227220718605311e-17 14664.012015980619 -1059.1961707302332 9.8114183147099252e-17 14663.071278523859 -0.0068414722840677471 3.7643712841958169e-22 0.13870524364369061 0.91006435417668419 -7.3166714204942187e-17 0.414466973136001 5000 4999.9999983450871 94.133021547751653 1198997 5520 374.73155510667391 4.3505672619065745 -49.323818655639926 2.7139358147596965e-18
79 968.83835391289404 -9.5332347425081763e-18 14663.999262058383 969.04224108517724 3.9425231983304207e-17 14663.007026545285 0.0039805430323447506 -1.2926280120055701e-22 0.13881680606563276 0.97953430282443987 -6.3587529243644517e-17 0.20127729424400262 5000 5000.0000014564057 86.220008707722073 1198358 5626 -209.47684451110013 5.7589057178154146 28.674791944591671 -9.3117544528031715e-19
80 -179.78736196389974 4.8445484010508597e-17 14664.002998474705 -179.90082955387891 -3.7112135803973927e-18 14664.956563258169 0.0049017551705827431 -5.1256715902872932e-22 0.13878733068929131 -0.99299463210261063 7.7002048400607978e-17 -0.11815946754054775 5000 5000.0000000134733 90.702437182432547 1197256 5655 -269.48851909993914 2.3950738544588055 35.318462760527446 -3.6931840715074614e-18
81 -459.89669797251111 1.2503334467526033e-16 14664.000147379113 -459.06486111405468 1.1811425933586213e-16 14663.291614278356 -0.0049007019366169953 1.6415831388507747e-21 0.13878736784946988 0.64843003871393667 -7.8501058109202592e-17 0.76127425120664682 5000 4999.9999974996608 91.796338336075834 1197485 5723 57.757166926279758 1.5049388785033293 -35.31086447242334 1.1828044326276521e-17
82 368.19917461434227 -2.6829498367134598e-18 14664.007676195 367.42385231882895 6.9647787949427652e-17 14663.605792330627 0.00061435266343534526 -1.174399685980001e-22 0.1388725060632226 0.46019523457514155 3.5390019479125594e-17 -0.88781774395901725 5000 5000.0000015560272 88.561660127929045 1197865 5449 -500.47500513002785 2.9709211752018758 4.4238609992078439 -8.4566752575585262e-19
83 993.44908571235351 8.2807219632805504e-17 14664.010523602221 992.62089470503986 1.4929321334144994e-16 14663.755356694715 0.0034242592476305803 1.7619119739251637e-22 0.13883164201460532 0.294443077379967 4.9987165193575254e-17 -0.95566901941254367 5000 5000.0000032375756 86.124280199683184 1198419 5479 -42.308903898607973 3.6757020089742651 24.664832871964034 1.2690997155675848e-18
84 -396.76616886606325 4.170065027295058e-17 14664.005869462671 -396.90033088504782 -8.9884076423330199e-18 14664.957682472728 0.00090451826964570907 3.3760320868556057e-23 0.13887091921786202 -0.99021157849649355 7.790109326199014e-17 -0.13957445780519959 5000 4999.9999984620699 91.549882210407603 1197849 5491 393.32745149487778 1.1268858229019714 6.5133742524357618 2.4310576367390887e-19
85 852.74165291302847 -1.0299881060250136e-17 14663.99836096137 851.88102722121585 4.0554770834357594e-17 14664.027923589558 0.0031406457410665433 -1.2700790694536113e-22 0.13883834741691065 -0.034329909667207219 7.2761464333023324e-17 -0.99941055510216004 5000 5000.000001465256 86.671880772217392 1198193 5532 -238.96392788255346 4.0795308674607362 22.620881042581537 -9.1478982074005487e-19
86 1128.3555247798231 -5.4330535646395606e-12 14664.030832346982 1127.7281574260176 -5.4331119281796628e-12 14664.295448567225 0.023835408733334999 -1.1489423334182765e-16 0.5425119105126357 -0.38863270169721764 1.648467767059098e-16 -0.92139276250186652 5000 97543.505045086975 85.599922913145676 431864 2125 -68.126373048531235 1.2425499048802049 43.935272703620846 -2.1178195559478253e-13
87 79.81671373094629 1.0031369266130561e-16 14664.016092643564 79.208871418753844 9.6871026582119584e-17 14664.671170530779 0.0041121034450323935 2.9869330723864263e-21 0.13881297115401819 -0.73304135065691667 9.5875341449526162e-17 -0.68018407665304514 5000 4999.9999978399419 89.688140299294929 1197443 5353 -314.15891461997171 0.3765294494092542 29.623337148153546 2.1517679850482504e-17
88 1013.3029108113009 -6.8911390312740436e-18 14664.00210641109 1012.6949218030522 -1.0226190831467635e-17 14664.65698995783 0.004148338911799338 -1.1800194507825217e-22 0.13881189305479219 -0.73285885319968125 9.5843735340736796e-17 -0.68038070227240122 5000 5000.0000014790985 86.047065828262987 1198405 5472 -176.85806873460547 3.3159071671317859 29.884607294865543 -8.5008526633718723e-19
89 -494.29475928214862 4.6843295015377123e-17 14663.995793384131 -493.34238562862049 -4.7106657329978554e-17 14664.572047044847 -0.00029141212352835444 9.8895304227466076e-23 0.13887355917031347 -0.51768233651572271 -1.2668637150074696e-17 0.85557290583394563 5000 4999.9999984469787 91.930598237295428 1197927 5524 375.05548172306959 3.9090754975459747 -2.0983988980290254 7.1212479048068201e-19
90 -766.9793820444695 6.0008531070951396e-17 14663.999696666624 -766.62937319501543 -2.1466732934632653e-17 14664.970926011469 -0.0031545637749193604 2.425677880304897e-22 0.138838031838704 -0.94077428583729683 4.5019336163346371e-17 0.33903354259167245 5000 4999.9999983939906 92.994044975187336 1198263 5472 335.34959190549949 4.9664085752622906 -22.721179010836135 1.747127820943864e-18
91 1170.8753353277561 -1.1528679263671968e-17 14664.004570455829 1170.3554066671991 6.6789229659903858e-17 14663.254060763013 0.0059118619309076244 -1.5178474720200777e-22 0.1387479738857513 0.8220152951773162 -6.0913042718187501e-18 -0.56946541211834345 5000 5000.00000140251 85.434794934491961 1198816 5451 -238.74921917096941 4.9933417810245668 42.608636114395487 -1.0939600986677563e-18
92 834.71332077715192 -1.852012269518178e-16 14663.996486680699 834.56599430593963 -1.1713312342365578e-16 14663.044127696654 0.0035973787659699529 -1.0115823422595228e-21 0.13882726399811407 0.98824508168336767 -4.212545466323807e-17 -0.15287791999400949 5000 4999.9999999021647 86.742088962448321 1197870 5474 269.35392625469132 6.0341124133991171 25.912624526107656 -7.2866259344653285e-18
93 -706.83919725866645 5.8729150262710391e-17 14664.008699871069 -707.53659817082598 1.3487730025270839e-16 14663.467682231918 -0.0022694412443125304 2.0093125624525662e-22 0.13885532036588974 0.61294810905800534 1.9788036761455e-17 -0.79012316427365548 5000 4999.9999983993239 92.759653337221636 1198135 5345 313.74776146237934 5.4212870208771466 -16.343927177816845 1.4470547885078808e-18
94 -1255.9438998424623 8.5344123078008364e-17 14664.014960545594 -1254.8092975226414 9.8917635886346242e-18 14664.111977605098 -0.0065939691769710783 4.0803774355122295e-22 0.13871723010309969 -0.085196654940457417 -4.8173250219901925e-17 0.9963641544041506 5000 4999.99999826986 94.895323584234859 1199085 5374 238.53379035179262 5.8797363973648986 -47.535329043624941 2.9415072896708971e-18
