# ELektron2 C++ Simulation Results
# Date: 2026-03-07 19:40:57
# Integrator: CAPD Taylor (order 20)
# CAPD order: 20  stepDivisor: 10  minStep: 0.0001  maxStep: 50
# Cores: 24
# Total time: 54 ms
# Total simulations: 10
# startEnergy: 5000 eV
# startPos: -14663.993697025551 (reduced)
# detectionDistance: 14663.993697025551 (reduced)
# rangeMin: 9.9999999999999998e-13 m
# rangeMax: 1e-10 m
# spin: 1
# Z: 6
# alpha: 0.0072992700729926996
# reducedBohr: 274.49813790303745
# zitterRadius: 1.93079634e-13 m
# atomCount: 30
# atomSpacing: 735.44784117417589 (reduced) = 1.42e-10 m
# chainHalfLength: 10663.993697025551 (reduced)
# maxTime: 1000000 (reduced)
# Summary: isNaN=10 isPos=0 isNeg=0 is120L=0 is120R=0 isRenorm=0
#
# Columns:
# idx qx qy qz rx ry rz vx vy vz ux uy uz energyIn_eV energyOut_eV angle_deg steps apexCharge apexMass v2 u2 |q-r|2 minZdot2 maxZdot2 minXdot2 maxXdot2 minR maxR isNaN isPos isNeg elapsedMs dxZERO_reduced psi0
#
0 515.96631176864662 8.503571709240729e-18 -14657.050003778486 515.15804079342138 7.763961236622631e-17 -14657.367701443472 1.5049111521426224e-14 -1.6642543585508998e-34 0.13887386494055581 0.36581459987110204 4.3732895728976496e-17 -0.93068774490842976 5000 4999.9999999915754 272.016128041287 2 1 1 0.019285950363527739 1.0000000000015929 0.75423377572947115 1 1 1 0 4 0 1 0 1 18 516.10518563358733 0.41150826239072524
1 -475.14948476810565 8.503571709240729e-18 -14657.050003778504 -474.2406713276485 -8.6218586644895505e-17 -14656.418070281148 -1.4154743827469507e-14 -9.6378633963076813e-35 0.13887386494055332 -0.57089124519994694 -7.2214517379429156e-18 0.82102569153522409 5000 4999.999999991348 268.14324646521771 2 1 1 0.019285950363527045 1.000000000006839 1.2252818146360633 1 1 1 0 4 0 1 0 1 27 -475.010610903165 3.3184504059940916
2 81.739340760840903 8.5035717092407306e-18 -14657.0500037785 81.062530465127153 1.4523494632941094e-17 -14656.477111880813 2.7512118851627176e-15 -1.7479386336057651e-34 0.13887386494053838 -0.64607778825503759 9.5341844275330371e-17 -0.76327157127671863 5000 4999.9999999903266 270.3195234166555 2 1 1 0.019285950363522895 0.99999999999575218 0.78627730282005126 1 1 1 0 4 0 1 0 1 24 81.878214625781581 1.3233509347919705
3 213.2353671434046 8.503571709240729e-18 -14657.0500037785 212.80416864960645 -1.5401288640988615e-17 -14656.236370475539 7.0147646974450187e-15 -1.5762766907316868e-34 0.1388738649405413 -0.88358510244325039 9.1644626353728222e-17 -0.46827061272448306 5000 4999.9999999904403 270.83349819566934 2 1 1 0.019285950363523704 1.0000000000010121 0.8479312927418885 1 1 1 0 4 0 1 0 1 33 213.37424100834528 1.6870272666380379
4 135.65982208742849 8.5035717092407306e-18 -14657.050003778486 135.36326051442666 -2.8459843964153588e-17 -14656.158506878452 4.5317752655912218e-15 -1.5328163494327359e-34 0.1388738649405393 -0.94887600336144828 8.620572428296878e-17 -0.31564906185018554 5000 4999.9999999903266 270.53029179207442 2 1 1 0.019285950363523149 1.0000000000020974 0.88271548935213828 1 1 1 0 4 0 1 0 1 43 135.79869595236917 1.8550166216893291
5 370.84100614092927 8.5035717092407306e-18 -14657.050003778513 371.9639304619335 -7.1148306825959652e-17 -14656.873837942385 1.1597690159345454e-14 -9.9579623377943657e-35 0.13887386494054749 -0.15498566690339566 -4.3007443076653605e-17 0.9879167186837482 5000 4999.9999999908941 271.44934296888346 2 1 1 0.019285950363525425 1.0000000000003544 1.2919934325216202 1 1 1 0 4 0 1 0 1 39 370.97988000586992 3.8631300490192086
6 121.74768203572619 8.503571709240729e-18 -14657.050003778486 121.24785859800232 -8.0067891153338683e-18 -14656.288001675604 4.0758713399361112e-15 -1.6400213394659227e-34 0.13887386494053897 -0.8361689169626545 9.3700193439912104e-17 -0.54847200685366948 5000 4999.9999999903266 270.47591213233443 2 1 1 0.019285950363523058 0.99999999999659028 0.83047067369396455 1 1 1 0 4 0 1 0 1 32 121.88655590066686 1.595363825908755
7 -245.09851912274272 8.503571709240729e-18 -14657.050003778486 -244.10116211114902 -2.1164429925968229e-17 -14657.557876157167 -7.9855907850217113e-15 -1.2108861672683687e-34 0.13887386494054213 0.45377314802097413 -7.4297914353627047e-17 0.89111723703156953 5000 4999.999999990554 269.04197625342317 2 1 1 0.019285950363523936 0.9999999999996434 1.2526553616021834 1 1 1 0 4 0 1 0 1 25 -244.95964525780204 4.5891885481375514
8 504.31308831275396 8.5035717092407306e-18 -14657.050003778488 504.01321820515255 8.1889442369050014e-17 -14657.939908408092 1.4804273937296445e-14 -1.5745649589397984e-34 0.13887386494055509 0.94764468788260015 -2.9695281192800731e-17 -0.31932670655938089 5000 4999.9999999914617 271.97062961959381 2 1 1 0.019285950363527538 0.99999999999417155 0.88185233122465734 1 1 1 0 4 0 1 0 1 20 504.45196217769461 5.9796745453127116
9 -98.750323265520848 8.5035717092407306e-18 -14657.050003778486 -98.092234652604958 2.0539106484606938e-17 -14657.896366158269 -3.3028264668672976e-15 -1.4321567173172127e-34 0.13887386494053866 0.78943955725768067 -7.7706368233394318e-17 0.61382830289692081 5000 4999.9999999903266 269.61398158976914 2 1 1 0.019285950363522972 1.0000000000005167 1.1494099003621565 1 1 1 0 4 0 1 0 1 16 -98.61144940058017 5.0588101597783446
