# ELektron2 C++ Simulation Results
# Date: 2026-03-08 23:32:26
# Integrator: DP853 (self-contained)
# DP853 absTol: 9.9999999999999998e-13  relTol: 9.9999999999999998e-13  minStep: 1e-10  maxStep: 10
# Cores: 24
# Total time: 2824 ms
# Total simulations: 24
# startEnergy: 5000 eV
# startPos: -14663.993697025551 (reduced)
# detectionDistance: 14663.993697025551 (reduced)
# rangeMin: 1e-13 m
# rangeMax: 9.9999999999999998e-13 m
# spin: 1
# Z: 6
# alpha: 0.0072992700729926996
# reducedBohr: 274.49813790303745
# zitterRadius: 1.93079634e-13 m
# atomCount: 30
# atomSpacing: 735.44784117417589 (reduced) = 1.42e-10 m
# chainHalfLength: 10663.993697025551 (reduced)
# maxTime: 1000000 (reduced)
#
# Columns:
# idx qx qy qz rx ry rz vx vy vz ux uy uz energyIn_eV energyOut_eV angle_deg steps elapsedMs dxZERO_reduced psi0
#
0 -2744.9989185231179 -2.1473259643054662e-13 -8231.5506651818068 -2745.7329389241245 -2.1474791119320115e-13 -8230.7081537663817 -0.4307881991689661 -3.3700151183998012e-17 0.38167353608046239 -0.75398401800603887 3.7707949473131634e-17 -0.65689276197954127 5000 113870.50965956274 251.5578555157845 199241 1759 1.1059501700776631 4.1844367836095548
1 -1316.7447346210222 -3.1353126183647449e-14 14664.021039267409 -1316.6768530144886 -3.1295543941382312e-14 14663.03158933104 -0.021350017979755276 -5.0995244356134324e-19 0.4304375506291217 0.99765492445313941 -8.9765550643937073e-18 0.068444513296326961 5000 55287.921396538346 95.13107031528429 523004 2808 -0.9854518272326046 1.4423703098178082
2 -2745.0052012622291 -2.7986400893899199e-14 -10086.241500948692 -2744.1115751259645 -2.801610832564371e-14 -10086.596704035905 -0.11965119153536577 -1.2198060564508013e-18 0.025025201026236694 0.36937511839036247 -8.5567012087853973e-17 0.92928037869039759 5000 3861.1782759943521 254.77548839721726 289667 2196 3.4083916235479257 5.500053857641082
3 -2744.98880488446 2.7221394455442795e-15 -8156.1269095156904 -2745.7541003496585 2.7352852123653604e-15 -8155.5686617609663 -0.17842745402185189 1.7600329371985687e-19 0.16291107974370761 -0.5893236453975651 8.2804738313789077e-17 -0.8078970484736403 5000 15601.66424071138 251.39906077077814 261305 2004 2.714694891514128 3.8016093863347731
4 2689.5952030423055 -1.6544332338677232e-12 14664.080051558472 2691.4868130451569 -1.6544225594438607e-12 14664.475092471117 0.052284888072126341 -3.2159318587667563e-17 0.49454951924680557 -0.20442811782446157 -6.3203987662358735e-17 0.97888157868400982 5000 77997.802150119329 79.606679662899595 447855 2809 -2.1926247197431401 4.1423732615173705
5 2744.9843855189674 1.7737004044294073e-13 11689.747479818894 2744.7679927590229 1.7731833341676929e-13 11690.509945690266 0.11880998970652622 7.6732353068031515e-18 0.45778167392763724 -0.96200725156796574 8.1989405154542891e-17 -0.27302389793056936 5000 68963.253672194638 76.785232535496775 447665 2752 -0.84383802431732124 1.5829377641596054
6 -2744.9827753008185 -4.157997782868853e-12 13399.856975743854 -2745.27547891425 -4.1580186733850398e-12 13399.039192556986 -0.060952088567039715 -9.2351044659868319e-17 0.53620743672604643 0.94150896207261248 -2.8727574235399827e-17 -0.33698794491865836 5000 95972.941783180329 101.57696880961873 390190 2507 -2.963974092661533 5.723870689809619
7 -2744.9879438049693 -1.8580940810495722e-13 -10017.498240577057 -2744.6807383921664 -1.8574942902653982e-13 -10018.052540232353 -0.57014500110872302 -3.8567622641754398e-17 0.13416188931005912 0.87465175649417581 -1.7828429708659717e-16 0.48475179705917631 5000 119463.01150903761 254.67600073763228 190853 1178 3.0391448917498214 0.76816483733579666
8 2744.9864896276013 -7.8314100814700132e-13 -8782.4597904801994 2744.1153909601039 -7.8285677104729343e-13 -8783.5660438007035 0.61859687050692902 -1.7664364698875101e-16 0.42393159433941269 0.78566248817202855 3.7221683065185513e-16 -0.61865535986659692 5000 261453.52853241135 287.35680497989893 178137 1700 -2.9294776233996234 2.2143094234960525
9 -2744.995380917931 -9.5238756391436949e-14 -9325.2088735361303 -2744.7124828716323 -9.542786898129895e-14 -9323.4385030533776 -0.45156621697024335 -1.5656007018932155e-17 0.22011513846687497 -0.98747204568235269 2.6868255269415292e-17 0.15779404061757574 5000 79983.596234428405 253.59752817948163 200119 1671 3.0265572528600271 0.13440643078344774
10 2746.1176859220127 2.442411156894664e-12 -9486.1096346476461 2752.5931763626327 2.4786590586713102e-12 -9499.8462127843595 0.87423669206544519 7.7699231515550264e-16 0.37501533605193554 0.90453389639596671 6.8476587480837931e-16 0.42640172407780935 5000 1146260.171452746 286.14511108702879 167434 1575 2.0365852847435382 1.3119120410533305
11 2745.2446598785882 -2.8145734774823023e-13 -5375.2674862222993 2749.451856061708 -2.7932043514254789e-13 -5376.9816054462035 0.35887427796929805 -3.6874687106049448e-17 0.69136004050017508 0.37731129811999853 -1.0105930980783879e-16 0.92608648861492449 5000 303886.78782897693 297.05420886593913 188833 1543 -1.4080908252112596 3.8787644246588338
12 -2744.9868948533122 -1.7074236721511916e-14 -10510.709249465914 -2744.2725406791783 -1.7171748637171613e-14 -10509.859983855853 -0.14592198853142654 -9.0636775762374014e-19 0.0079284251623035987 -0.76527374739260701 -5.9792886892917476e-18 0.64370497243017533 5000 5545.461951827313 255.36349534674139 270453 1675 4.5775280291657365 6.0936131401232192
13 1505.8531798617287 -6.1544068753265692e-14 -14664.000053748112 1506.7123874983101 -6.1558040195905406e-14 -14663.905528728887 0.048779557670506707 -1.9872903184863993e-18 -0.13002206014922399 -0.10935439946645939 -5.9441148016617637e-17 0.99400282461729572 5000 4999.7976987162619 275.86317891602619 338031 2101 -4.7307487083925377 1.6107134426615206
14 -2745.0551361661687 8.4788358962904553e-13 -9216.9079626928469 -2745.7936832496962 8.476955937508714e-13 -9215.715449521831 -0.43128993916693126 1.3327224777349547e-16 0.22743867461381359 -0.85016154917402675 3.1087490062031601e-16 -0.52652192694909461 5000 74287.370946882889 253.41498426041713 197901 1267 -2.0645012270639653 0.64115826868556591
15 2745.0952885258607 -5.3427590844542346e-13 -1713.1832982740063 2747.7628772595622 -5.3391683302032161e-13 -1713.6166658780301 0.18507254307366094 -3.6036656660849582e-17 0.60354816378804255 0.16035440784333832 -8.1090005228385563e-17 0.98705950374731688 5000 147887.26032502047 328.03217382931962 234787 1951 -1.6018437467038531 3.7393592835672855
16 -2744.98146612854 1.0124798293144045e-12 -9618.1388838804924 -2745.4167226804693 1.0123429391615643e-12 -9617.0639088027237 -0.19172428725207974 7.074748028700621e-17 0.073114133807994919 -0.92690254737599997 1.5566684135169351e-16 -0.37530210183582735 5000 11109.617050195966 254.07144852738361 252281 1901 -1.0774132016342604 4.7789125831142272
17 -2401.5254341142804 -2.8080240355030856e-13 14664.03257615604 -2399.582465024896 -2.8081339671285118e-13 14663.770394093553 -0.054481912966566667 -6.3735820811493756e-18 0.51025389011771116 0.13372688359424467 -3.529400582695831e-17 0.99101822372615134 5000 84365.432556541724 99.300753458059788 449798 2562 -0.85380135850692995 1.693669436585681
18 2745.8024026644948 2.4110632199279234e-12 -6373.5882384005672 2761.1692908648311 2.4377094907467031e-12 -6380.7621934117215 0.51137340491332772 4.4871585196107486e-16 0.79902935607719427 0.42301815928856717 2.2860176496828043e-16 0.90612120430127141 5000 1104525.4732086291 293.30683694671359 169287 1533 -0.83802458483107567 3.3854920950856386
19 -2744.9846561936579 -2.6352101004989239e-13 -10207.683360309671 -2744.7443182570269 -2.6343228719080396e-13 -10208.492873052155 -0.17348717098553243 -1.6634120647129868e-17 0.028692142195784524 0.95864239411829988 -8.3855325364474753e-17 0.28461335129618981 5000 8088.3921519375872 254.94845861194929 257358 1627 3.165638095059542 3.8235252316714989
20 2744.9863953186141 -1.8934174051032747e-13 -13570.179347546107 2745.7242645742749 -1.8931483375523898e-13 -13570.801908358773 0.09527085528894684 -6.573233902619085e-18 -0.10112090289313466 0.64486103390379468 -7.4712657999463769e-17 0.76429984148762398 5000 5004.2151503427594 281.43552985898441 327152 2244 -4.9194082054115755 3.597856191253713
21 2744.9912431362854 -2.1498018440676788e-13 -14493.401540754237 2745.7952914133334 -2.1501236367400336e-13 -14493.084597050449 0.080810056808118869 -6.3302034941204697e-18 -0.11298578373071982 -0.36672224132632969 -6.818701049811197e-17 0.93033047710222494 5000 5002.6576542218536 280.72455856294232 356647 2462 -4.8414181288898401 1.505721347673733
22 193.79119981678812 1.5275123296617584e-13 -14663.995334745065 192.65689320091178 1.5273828240411313e-13 -14663.906839728004 0.0065658502047677382 5.324637956465839e-18 -0.13895192668867293 -0.077780489167484479 3.3275568781103588e-17 -0.99697050888674721 5000 5017.0474779068336 270.75714505318575 326227 2297 -4.6447864357763997 6.1139792351975695
23 2745.0035588761243 -1.3308237967187069e-12 -3471.7458941421187 2747.2691123764007 -1.3305321845530821e-12 -3471.6826789933766 0.20721032271225645 -1.00468265664855e-16 0.54291868869162663 -0.027891883540051871 -1.7024145643983288e-16 0.99961094562643216 5000 116902.88733505856 308.33234650069676 228910 1574 -2.6602766557263484 6.0305573749245802
