# ELektron2 C++ Simulation Results
# Date: 2026-03-08 23:20:56
# Integrator: DP853 (self-contained)
# DP853 absTol: 9.9999999999999998e-13  relTol: 9.9999999999999998e-13  minStep: 1e-10  maxStep: 10
# Cores: 24
# Total time: 20049 ms
# Total simulations: 24
# startEnergy: 5000 eV
# startPos: -14663.993697025551 (reduced)
# detectionDistance: 14663.993697025551 (reduced)
# rangeMin: 1e-13 m
# rangeMax: 9.9999999999999998e-13 m
# spin: 1
# Z: 6
# alpha: 0.0072992700729926996
# reducedBohr: 274.49813790303745
# zitterRadius: 1.93079634e-13 m
# atomCount: 30
# atomSpacing: 735.44784117417589 (reduced) = 1.42e-10 m
# chainHalfLength: 10663.993697025551 (reduced)
# maxTime: 1000000 (reduced)
#
# Columns:
# idx qx qy qz rx ry rz vx vy vz ux uy uz energyIn_eV energyOut_eV angle_deg steps elapsedMs dxZERO_reduced psi0
#
0 -4933.3724548157234 -1.047668115787487e-12 14664.034522895159 -4932.3372147128575 -1.0476581465848141e-12 14663.298262580343 -0.068337119810527716 -1.4509843704690946e-17 0.35127806021342922 0.57957061553726019 -7.8816440077313883e-17 0.81492202119025958 5000 36241.661623880856 108.59431267611578 631373 4046 2.8849918029923951 3.4032479613411284
1 -63638.74970509288 2.220707151009126e-11 14664.008305343677 -63639.575568323242 2.2206944198025084e-11 14664.877076156787 -0.34252565991410006 1.1952822203368972e-16 0.13632720301494686 -0.72477820986524977 2.8783963399136656e-16 -0.68898225195931684 5000 38719.499832542839 167.02406812358998 1289218 6855 -1.5652155682223357 5.6012839395062954
2 -14171.115963072654 -1.2240979384134937e-13 14664.016599450428 -14171.953830040637 -1.2238054057602054e-13 14664.237242676529 -0.087896710568023576 -7.5972904691556831e-19 0.15711769671963013 -0.25465727729108001 6.9610645683457803e-17 -0.96703136942725598 5000 8488.118443922649 134.02069546748515 1140016 6215 1.1193728383501467 0.25022651352185776
3 54677.380855389645 2.4969323093706324e-11 14666.159014613357 54683.459004784061 2.4999455014752501e-11 14649.384668452945 0.85327482891246131 3.8963210623648933e-16 0.39529108031386651 0.94018186890286615 5.2445478121715094e-16 0.34067294204563481 5000 991505.64183731005 15.015054404337896 205340 1280 -2.2660115517415993 0.034202674787415802
4 -60596.724648201598 -1.0373658736237321e-12 14663.999825950312 -60597.67672762763 -1.037319568508141e-12 14664.104797212125 -0.086061623835909998 -1.4733596909972722e-18 0.035966678901199568 -0.10959063958875921 5.9974171320682817e-17 -0.99397681067557331 5000 2237.5131491988718 166.39632945595443 3817552 14194 2.6724950065562423 3.2611760542303747
5 -28289.609980240719 -1.3166239316092706e-12 -14663.995299837947 -28289.817140387495 -1.3167356783053675e-12 -14662.682596628032 -0.26955887243547777 -1.2544513977246285e-17 -0.03813022910668077 -0.98777557241904701 2.5444477655131498e-17 -0.1558827077608532 5000 20058.772252565799 207.40008668765901 836092 5335 3.5441936428437466 3.9253888380008064
6 -4426.3589233174825 2.1454128163490752e-13 14664.02211400325 -4426.4465901445847 2.1448388238902019e-13 14665.033268867332 -0.056250222435564788 2.7261574435201027e-18 0.32268349935073715 -0.99626263712684393 7.0593459161751186e-17 -0.086375675211838143 5000 29835.74948784017 106.79652518106541 661715 4620 -1.383967147569894 1.1155792170561258
7 22975.692212465136 7.8204041733220868e-12 -14664.043183665952 22976.847794542977 7.817898215516797e-12 -14667.552005946683 0.76601557044734303 2.6077149387833556e-16 -0.13337500631215346 0.94981611651085329 5.8364327882315191e-16 0.31280879944029327 5000 301616.06602004083 327.45228628766716 245754 2230 -3.9256516787133697 2.812473497899497
8 -5870.2858140832795 4.5971806266985742e-12 -14664.000015322375 -5871.6391908904552 4.5970572977372707e-12 -14664.215353606507 -0.44902033391479046 3.5169079801827427e-16 -0.30596091311080614 0.15713521663750785 6.5259898559890209e-16 -0.98757709774235247 5000 97692.02065035484 248.18280899424258 232360 2060 -0.52259158458031862 3.6384413612532365
9 -14926.666519197579 -7.2328104751479232e-12 14664.061041725532 -14925.378671245733 -7.232771856823763e-12 14665.915506800529 -0.29761393808100489 -1.4421284133363845e-16 0.50499637498269268 -0.82136478150217251 -1.8106959813063363e-16 0.57040327472086061 5000 119717.80401216727 135.5084630149735 413350 3255 0.70480979506574082 4.6739930649744617
10 13559.498645840455 -6.1373759147488241e-12 14664.033359824169 13561.466035277874 -6.1367755972592589e-12 14662.274056103312 0.2904734598173988 -1.314810909325616e-16 0.54256880143180164 0.66658606693627831 -8.7408298535795185e-17 0.74542807535895794 5000 137320.42478044596 47.241140427918275 379736 3182 -2.7720879184156377 0.45742716282408913
11 -83049.066433077445 1.2027743056564983e-10 14664.000055720089 -83047.689552436306 1.2027595246423448e-10 14665.546206934257 -0.52425471499905796 7.5926778117822472e-16 0.15988218492514711 -0.74680365447292174 6.3030726386756017e-16 0.66504458755794182 5000 99938.720143337006 169.98647878122139 983544 6184 1.5780567871568691 0.23922060605155518
12 -1.3392897740784704 6.9346470756540919e-17 -10663.521860544755 0.00052304277118897394 -1.825813774334322e-17 -10663.9945210019 -0.11110042931098149 1.0340964821403429e-14 0.9937589357612171 0.33268576386131393 -5.4392798577697071e-17 0.94303774199849089 5000 50621683.809108622 269.99280391110932 163677 1600 -3.1466412603076854 4.4105904779030656
13 -1250.4217815259117 -1.1010674411118106e-12 -14664.042528785871 -1250.2694416108468 -1.1011780136319121e-12 -14663.068141101976 -0.20940688552735315 -1.843396262436917e-16 -0.67006719498139533 -0.98799782625399357 -6.7205665147291516e-16 0.15446778265432362 5000 206544.69125551221 265.12610532184675 192269 1840 2.2764679900979403 0.96083086165738196
14 1516.7961752835786 -2.5367541306496994e-12 -14664.350563912329 1507.6236528683087 -2.556737865307427e-12 -14669.295206862644 0.32793565767473898 -5.4804303312045466e-16 -0.86484680326013597 0.47451582060384329 -2.8431070452607968e-16 -0.88024697451567413 5000 833279.7747742692 275.90534628095452 174006 1064 0.83148970435006297 5.2134530818511422
15 -135498.00569269489 -6.3149897704844877e-13 2833.693620404601 -135497.00280791146 -6.315641713645843e-13 2833.78003417127 -0.13949735775548341 -6.5012384488133263e-19 0.01389121991361633 -0.085847128660172745 -6.6452714207845223e-17 0.99630832033390226 5000 5096.4510036784368 178.8019379290466 5671742 20034 4.9836965122927168 1.5433190136862245
16 -137405.48534054248 1.0001648369987803e-09 14664.031450662185 -137404.00175456295 9.998777143622418e-10 14672.1317409645 -0.83861175912838803 6.10448072017787e-15 0.15458374126939978 -0.98363814448764653 6.0020953739225125e-15 0.18015549055716343 5000 467298.77174925595 173.9084017920346 447570 3652 -4.458824378508222 5.9372384294526457
17 -4239.4068341546281 1.8827371962864801e-13 14664.054279528482 -4238.1044092625343 1.8824951352493893e-13 14663.533241098559 -0.058259222710915777 2.5867156883361019e-18 0.34890884333642597 0.37143275493703948 -5.0261935328688158e-17 0.92845985819021848 5000 35323.037901881333 106.12468530287396 626244 4088 -0.66100949370066708 0.56782950985972835
18 -27380.656774407045 -3.1710700015647242e-13 -14663.995041869199 -27381.565017010285 -3.1709222141017103e-13 -14663.450831523553 -0.11292118303898746 -1.3076536969191567e-18 -0.016516648762290233 -0.5139850925611541 7.5971254731047317e-17 -0.85779912079875209 5000 3360.4914025586008 208.17173806361697 1488542 7515 4.1614135656194744 1.5453095274233672
19 163444.07101587043 1.1434680960724904e-09 14664.460016466033 163446.02387738859 1.1433836723991363e-09 14652.622503611186 0.87412524376812117 6.1155106144584838e-15 0.13545996618609799 0.9866636829188089 6.1047352954574738e-15 0.16277216149754375 5000 584558.84906586807 5.126939953122716 379835 3184 -4.2939532745669844 6.0504448461183937
20 -3355.6596873810281 -1.0683872266191629e-11 -14667.70421186587 -3381.959892776802 -1.0834273630126343e-11 -14640.839155967897 -0.63409229497027697 -2.0183782422122565e-15 -0.75656452563001353 -0.71457905716468761 -2.4100352830850659e-15 -0.69955469483061439 5000 2686682.0679392568 257.11370766949318 165404 1491 2.4830084345824437 1.0126984824762046
21 -33774.438170352129 -3.9455975352164284e-14 14664.010810617576 -33774.025833506785 -3.9433436279814443e-14 14663.22343477753 -0.17803918955009831 -2.0802928543115082e-19 0.13350455136277989 0.88587690504435945 -8.5222322394766863e-17 0.46392036720289986 5000 13142.930727736148 156.53072791360222 1348499 7180 2.9630584006656693 4.462280064647091
22 -35256.128158477994 -6.0930338143840995e-13 14664.084340412426 -35255.65151376796 -6.0945942397230794e-13 14665.679273523459 -0.37331661682777018 -6.4513307260545884e-18 0.26818246266301987 -0.95812918582251949 3.2054776443558857e-17 0.28633627544640172 5000 64388.842666640136 157.41610448112044 743506 5048 2.894239472736492 5.555347758214829
23 -133156.96320409409 -8.6318198045560379e-13 -7027.5417234196175 -133157.63528183819 -8.6319871980892272e-13 -7026.6744224507702 -0.13708606007646709 -8.8863113530575576e-19 0.0037390407209959356 -0.79045057708911015 7.7058850309912054e-17 -0.61252582396126021 5000 4873.9334359396253 183.02106068314583 5665835 19963 4.738810830422751 3.0771939969190947
