# ELektron2 C++ Simulation Results
# Date: 2026-03-11 15:12:08
# Integrator: DP853 (self-contained)
# DP853 absTol: 9.9999999999999998e-13  relTol: 9.9999999999999998e-13  minStep: 1e-10  maxStep: 10
# Cores: 24
# Total time: 158006 ms
# Total simulations: 1000
# Detected: 22
# Detected ratio: 2.2000000000000002%
# Detector: 1 m, 100 mm x 100 mm aperture
# startEnergy: 5000 eV
# startPos: -14663.993697025551 (reduced)
# detectionDistance: 14663.993697025551 (reduced)
# rangeMin: 9.9999999999999998e-13 m
# rangeMax: 1e-10 m
# spin: 1
# Z: 6
# alpha: 0.0072992700729926996
# reducedBohr: 274.49813790303745
# zitterRadius: 1.93079634e-13 m
# atomCount: 30
# atomSpacing: 735.44784117417589 (reduced) = 1.42e-10 m
# chainHalfLength: 10663.993697025551 (reduced)
# maxTime: 1000000 (reduced)
#
# Columns:
# idx qx qy qz rx ry rz vx vy vz ux uy uz energyIn_eV energyOut_eV angle_deg steps elapsedMs dxZERO_reduced psi0 xDet_mm yDet_mm
#
0 -486.29801983334733 4.1169324415739338e-17 14664.018606745949 -485.18975549295737 -4.1924019353998424e-17 14664.265283053561 -0.003261282552395666 2.6787006725518153e-22 0.13883556602633099 -0.21726225944590041 -3.8666440850184833e-17 0.97611326772039508 5000 4999.9999984685373 91.899384980231275 1198164 4928 513.29071248345554 1.5642489746526482 -23.490252863427983 1.9294052303887203e-18
1 824.32946546355697 -9.6196084699107717e-18 14663.997630274194 824.52248331496878 4.0179553917283508e-17 14663.002853339476 0.0058651169998154085 -1.9672488584240406e-22 0.13874995773589882 0.98169130321439146 -6.2944679451307786e-17 0.19047883048847308 5000 5000.0000014667312 86.782532027176586 1198590 5163 -442.9475741473027 2.638147459929451 42.271126388227536 -1.4178374469623738e-18
2 1360.8422714463334 -2.92922452312452e-16 14664.001806304204 1361.0312201349245 -2.4271119477322284e-16 14663.006129233669 0.0065503223555931547 -1.5579562190701603e-21 0.13871929799114471 0.98246603676843436 -6.2655317471164024e-17 0.18644164213474831 5000 4999.9999985684999 84.698047739835445 1198822 4764 51.338843312560677 5.0451895250084444 47.219979126561761 -1.1230998438080432e-17
3 -484.21713585164127 5.7070381094843042e-17 14663.996759149748 -485.07805549919613 1.0857440497914174e-16 14664.016105090501 0.0011188380654751566 -1.97076237924153e-23 0.13886935788143301 -0.022465578566946098 7.1909112393551226e-17 -0.99974761677406476 5000 4999.9999982790505 91.891266185083538 1197792 4780 140.20382149430566 1.9632363068021477 8.0567670402164833 -1.4191484783303828e-19
4 251.57418925941451 1.7433124593197621e-16 14664.016915737597 251.25334891949316 1.390558365029479e-16 14664.898744404707 -0.00251387123382216 -3.1342409149542322e-21 0.13885111024057267 -0.93973338779864968 8.7043206560652914e-17 -0.34190811873508442 5000 5000.0000000158561 89.017136609482975 1196630 5762 340.08034844222647 2.1419570901755098 -18.104797501918714 -2.2572674496616293e-17
5 -1272.1942711751656 -5.8035692164469225e-16 14664.007702241684 -1271.771574201792 -5.4779123894346473e-16 14663.064263720302 -0.0058928278038025477 -2.6212195752209693e-21 0.13874878353812845 0.91259009092756227 -7.2898909799878522e-17 0.4088756830826803 5000 4999.9999971787829 94.958351737834533 1198575 5269 55.403187652211997 3.8141285771233542 -42.471203375870942 -1.8891838244482e-17
6 -583.55478549988015 4.5437842680597315e-17 14664.014723304901 -584.0413552675393 2.723525776983288e-17 14664.790995015988 -0.0038532170531141675 2.7861538132894871e-22 0.13882039863080281 -0.84731082270063562 9.304631364596028e-17 -0.5310973254102449 5000 4999.9999984514043 92.278884321713164 1198270 5217 486.69130470380281 5.6340527560738174 -27.756850514180691 2.007020467286908e-18
7 -366.94371455904042 4.476646028132219e-17 14664.00803125647 -367.0843465341635 1.1237900323897193e-16 14663.0548717048 0.00240412621996076 -1.0102145360698081e-22 0.13885305374612428 0.98929008231249094 -4.2780749414970364e-17 -0.14596278050624784 5000 4999.9999984072665 91.433437535356461 1197734 6417 209.61337355305673 3.7809166716968008 17.314176066710129 -7.2754218133139593e-19
8 98.052869806044797 -1.0092459339528528e-17 14664.000284260597 98.852888394857004 -1.0544290177385635e-16 14664.750486602377 -0.0067350388806021472 -1.5349090770681572e-22 0.13871045242290972 -0.68403085789851448 4.8230443355838879e-18 0.7294530727129872 5000 4999.9999990876013 89.616889540842209 1197593 5656 57.804316971891858 3.5507011586279051 -48.55466017851279 -1.1065561752970306e-18
9 92.969567793202529 4.9855367159544847e-18 14664.007861705484 92.628534906786513 -2.8207332557805539e-17 14664.883012259505 -0.0066760353575314683 1.4640023437643892e-22 0.13871330477471727 -0.93175393086726177 8.7634224624294785e-17 -0.3630903628168512 5000 5000.0000015939249 89.636750570566321 1197663 5558 -209.82475421282021 0.184104492115479 -48.128298639946202 1.0554159502883008e-18
10 940.29206130616762 -1.088614634611245e-17 14663.998085929557 940.34402644605871 -7.4913740406881375e-17 14664.980765351664 0.0039435247788559974 -1.3685383228953675e-22 0.13881786261639856 -0.99860472154311708 6.6698684628214201e-17 0.052807288221487003 5000 5000.0000014486895 86.331074984432419 1198342 5246 -238.9111760024872 0.064020786865621918 28.40790590295509 -9.8585174638303495e-19
11 479.54686067746121 -1.0349960703458739e-16 14664.005836772707 479.92346596107961 -1.8599129938665668e-16 14664.965530412541 0.0021521031093854563 -6.8498191787780005e-22 0.13885718853902876 -0.93088915782813675 4.3077477184760348e-17 0.36530175978270935 5000 4999.9999982102909 88.126963182966861 1197463 6483 43.191347323357348 3.1141230317265984 15.498679845304244 -4.9329957280913212e-18
12 -618.3974004189015 -2.2063348340036678e-16 14664.017340138153 -617.58536936788585 -3.1595058600344673e-16 14664.75386688103 -0.0038785141232661083 -1.0611096232101736e-21 0.1388196941563338 -0.6718316851539673 3.4827797942894661e-18 0.74070384546231505 5000 4999.9999983959196 92.414793902786741 1196531 5372 210.60066941161946 2.1396498546306519 -27.939221065407789 -7.6437974428555491e-18
13 -455.74364600259605 -2.5809476710224376e-16 14664.014301772335 -456.36123391697021 -2.6046068496680973e-16 14664.661072625662 0.0010433611569813758 1.026505216928167e-21 0.1388699454696867 -0.72323504383771431 9.5734391206602003e-17 -0.69060196433557341 5000 4999.9999983420239 91.780125446507455 1197312 5170 215.62588638916068 2.2081670637638147 7.5132250787059363 7.3918457550790808e-18
14 -945.80730435810881 6.6267813913526245e-17 14664.005869087976 -946.6549137108982 1.2794613470348227e-16 14663.847454139903 -0.0050123830711495294 3.2084782936494207e-22 0.13878337931206744 0.18371511727467649 5.777445247916532e-17 -0.98297952975938629 5000 4999.9999983608586 93.690383689795638 1198605 5107 335.24445254151135 0.47173653571193724 -36.116594768014082 2.3118606201646499e-18
15 -1224.4457932456912 8.1199206128966723e-17 14663.996874868255 -1224.0186907490729 1.1320910605790407e-16 14663.055519561156 -0.0066338609761237618 3.9829207126826927e-22 0.1387153280845396 0.91065280000193505 -7.3110286158134206e-17 0.41317245516031986 5000 4999.9999982879008 94.773132969862601 1199075 5132 265.46444526648781 5.2067920376135293 -47.823561157428671 2.8712909868585792e-18
16 849.88056273526797 -1.8526202919387059e-16 14663.996858004071 850.24526109612395 -1.4745556013268793e-16 14663.02771630749 0.004285798681997046 -1.1547506443243308e-21 0.13880771697883368 0.93592526581114954 -7.0207993277318566e-17 0.35219866478939466 5000 4999.999999910221 86.683021852376172 1197981 6076 316.8278433278532 6.1596920041654251 30.875795490898916 -8.319066615730125e-18
17 500.66306487856139 -5.017684448610928e-18 14664.016051495779 501.34279375961182 -9.8202915805312492e-17 14664.849773091824 -0.0007043076332767012 -5.1621833879546851e-23 0.13887207897986761 -0.77505278104661979 1.6902976763473549e-17 0.63189649991247832 5000 5000.0000015450214 88.044550556476764 1197741 5666 -209.71766336236666 2.6382650067161673 -5.0716287856452791 -3.7172219396982241e-19
18 -1134.4428296577169 -4.6217494083938482e-17 14664.006163916316 -1134.9416915261988 -6.3239970207484357e-17 14664.775248231466 -0.0067498030117984168 -2.6956074478861407e-22 0.13870973477850215 -0.83896309766292976 9.3169188305847217e-17 -0.54418831424476699 5000 4999.9999998581407 94.423728267087071 1198770 5687 -319.14658569080643 4.1581965045137039 -48.661350427760539 -1.9433441006794554e-18
19 -729.57397752837528 5.2357804571721008e-17 14664.00782762881 -728.44078277681592 -1.0873560661180196e-17 14663.908510853686 -0.004623859819234054 2.9982619269591725e-22 0.13879686696004451 0.087308484793792357 -5.8620381296807687e-17 0.99618132319601582 5000 4999.9999984195201 92.84827112218538 1198439 4971 442.87138136376507 6.0550638642085266 -33.313863061225483 2.1601798315968351e-18
20 -710.52139237235656 2.6775579484858525e-16 14664.004944112545 -711.3319024510505 2.9787560263491461e-16 14664.318990672058 -0.0033041454006434165 1.3902893548783003e-21 0.13883455254535618 -0.36129496435884761 8.8247898568590219e-17 -0.93245158111000903 5000 4999.9999983525759 92.774007736836339 1197032 5641 212.46759985404668 4.9335059387926092 -23.799157630907317 1.0014001049372083e-17
21 1269.4019947564861 -5.8665398263773694e-18 14663.995212857326 1270.5406172243056 -7.5982828435745573e-17 14664.001903989783 0.006158214581726917 -1.1931939882361646e-22 0.13873725801730963 -0.0058764146948026468 -5.2616763749431776e-17 0.99998273410230021 5000 5000.0000014300813 85.052472834427221 1198936 5742 -176.6515990923892 3.6636893801051746 44.38760481311072 -8.6003861204125506e-19
