# ELektron2 Java Simulation Results
# Date: 2026-03-07 22:01:44
# Integrator: DormandPrince853 (commons-math3)
# DP853 minStep: 1.0E-10  maxStep: 10.0  absTol: 1.0E-12  relTol: 1.0E-12
# Java: 25.0.2  OS: Windows 11 amd64
# Cores: 24
# Total time: 50017 ms
# Total simulations: 24
# startEnergy: 5000.0 eV
# startPos: -14663.993697025551 (reduced)
# detectionDistance: 14663.993697025551 (reduced)
# rangeMin: 1.0E-13 m
# rangeMax: 1.0E-12 m
# spin: 1
# Z: 6.0
# alpha: 0.0072992700729927
# reducedBohr: 274.49813790303745
# zitterRadius: 1.93079634E-13 m
# atomCount: 30
# atomSpacing: 735.4478411741759 (reduced) = 1.42E-10 m
# chainHalfLength: 10663.993697025551 (reduced)
# maxTime: 1000000.0 (reduced)
# Summary: isNaN=0 isPos=14 isNeg=10 is120L=0 is120R=0 isRenorm=0
#
# Columns:
# idx qx qy qz rx ry rz vx vy vz ux uy uz energyIn_eV energyOut_eV angle_deg steps apexCharge apexMass v2 u2 |q-r|2 minZdot2 maxZdot2 minXdot2 maxXdot2 minR maxR isNaN isPos isNeg elapsedMs dxZERO_reduced psi0
#
0 -920.939584003266 2.22620400235883E-12 -14663.993697025553 -922.476315069458 2.226097305036924E-12 -14665.301940444191 -0.17444063779682012 4.2185944333869997E-16 -0.7578424453557775 0.6482298854837585 6.132402179214818E-16 -0.7614446895853433 5000.0 301807.21014438785 266.40638538294274 185032 1.0 1.0 0.604754708097786 0.9999999997320064 4.073043212209566 1.0 1.0 1.0 0.0 4.0 0.0 0 0 1 2294 0.5448136464202172 3.0810122176524626
1 4477.116175817114 2.5877341544726357E-12 -14663.993697025551 4475.836442249909 2.5890844127228547E-12 -14666.035101779878 0.46726347633670523 2.6999306828599864E-16 -0.41742609026168637 0.8472783088848662 1.9661303911566047E-16 -0.5311491948872805 5000.0 144656.3144478039 286.97814129515893 215089 1.0 1.0 0.3925796971494202 0.999999999936205 5.805051374020695 1.0 1.0 1.0 0.0 4.0 0.0 0 0 1 3034 1.7871757766035958 0.46711966723256043
2 14458.054313122433 1.4787394819123757E-11 -14663.993697025551 14455.917491263926 1.478094826705489E-11 -14668.044094034422 0.7337202215399274 7.505566919209068E-16 -0.20301305156929406 0.8844647548795638 3.723559208206386E-16 -0.46660700514468345 5000.0 277077.107695335 314.5948340979347 220440 1.0 1.0 0.5795596626040771 0.9999999998742575 20.971723584457163 1.0 1.0 1.0 0.0 4.0 0.0 0 0 1 3114 -4.080560509414461 4.347623966194676
3 11416.987336147977 -1.593424137161903E-11 14663.993697025555 11419.946072871928 -1.593404324967977E-11 14663.738614848986 0.2851228978361753 -3.979574165950252E-16 0.632570816340796 0.08589458138151379 -5.148795842763426E-16 0.9963042313566529 5000.0 198613.34144610757 52.09664353146163 328718 1.0 1.0 0.48144090455655913 1.0000000005298764 8.819189918459497 1.0 1.0 1.0 0.0 4.0 0.0 0 1 0 4818 2.177914576343188 0.07355067961871646
4 222.78595559864564 3.86320110733212E-13 -14663.993697025551 222.38987842042357 3.8632294045018307E-13 -14663.044590534577 0.007552915865763215 1.3401944281258562E-17 -0.1385900013133461 -0.9228640825594403 1.0571396201486562E-17 -0.38512580464566926 5000.0 4994.287356016199 270.8704117909468 326677 1.0 1.0 0.019264235002108568 1.0000000002822518 1.057680262318046 1.0 1.0 1.0 0.0 4.0 0.0 0 0 1 4997 -4.644878287521042 4.225516607309957
5 2768.9503739745796 -1.9923009997068167E-13 -14663.993697025551 2769.0869283976836 -1.9928430316326404E-13 -14663.108884165544 0.07891099661315312 -5.676981408537339E-18 -0.11424298694860537 -0.9882995105164155 -1.0275766909528684E-17 0.15252566463111744 5000.0 4998.015144592844 280.6930583469676 363073 1.0 1.0 0.01927840545342028 1.0000000008581507 0.8015409077039205 1.0 1.0 1.0 0.0 4.0 0.0 0 0 1 5269 -4.832707776211054 4.559430219266084
6 1015.688762446748 -7.348809803099973E-12 14663.99369746344 1017.7512602857136 -7.348169475935804E-12 14662.695953601435 0.023790547640736247 -1.7216926795084114E-16 0.6204861924394073 0.5325587847211408 -6.084367521972293E-17 0.8463930178590082 5000.0 140905.09865928866 86.03778587319756 340508 1.0 1.0 0.38556910516499926 0.9999999998641378 5.938036467110583 1.0 1.0 1.0 0.0 4.0 0.0 0 1 0 5274 -3.29960705231916 1.5952406841115292
7 21507.925482769628 -1.2245964687216045E-11 14663.993697413185 21509.697907480655 -1.2244851103551616E-11 14661.517301123737 0.4258075469894008 -2.424508944521751E-16 0.501424236025386 0.8131786066925119 -1.4504239595269846E-16 0.582014220891442 5000.0 167467.70660383103 34.28596596905554 372339 1.0 1.0 0.4327383315467728 0.9999999997022471 9.274027938654552 1.0 1.0 1.0 0.0 4.0 0.0 0 1 0 5601 -3.2729816716591866 3.188861545571575
8 -19696.604104167753 -2.546129948181417E-12 14663.993697025551 -19694.738648719805 -2.5461390852517103E-12 14663.498160299254 -0.40377484672082914 -5.219823742988522E-17 0.5192292797235672 0.256734771748409 -5.3210138093439715E-17 0.9664818972153062 5000.0 167404.82768882115 143.33255617499051 354994 1.0 1.0 0.4326331717666835 1.0000000006696053 3.7254806753852807 1.0 1.0 1.0 0.0 4.0 0.0 0 1 0 5617 -3.001011057145052 4.749899959806207
9 31172.76535582909 -1.4174830829334251E-11 14663.993697025553 31172.229948775625 -1.4174420973624709E-11 14662.286504342703 0.5342660389170144 -2.4294994037327167E-16 0.43408456199909135 0.9541756658519013 1.1363229811280923E-16 -0.2992470552230477 5000.0 193488.98164971377 25.192782216699918 387535 1.0 1.0 0.4738696073060198 1.000000001363585 3.201167569279543 1.0 1.0 1.0 0.0 4.0 0.0 0 1 0 5963 -3.3426829561078066 3.8613642990246033
10 -91297.77414159181 1.2894018499501897E-8 -14663.993697025551 -91297.38129844937 1.2893080582821549E-8 -14658.391555841179 -0.7846990633397058 1.1082558253004442E-13 -0.0343767125279912 -0.9975503607502137 8.468107853210517E-14 0.0699519694581833 5000.0 314627.8065042044 189.1247543763264 454195 1.0 1.0 0.6169343783704438 1.0000000002639602 31.538311584203072 1.0 1.0 1.0 0.0 4.0 0.0 0 0 1 6683 -4.469960928313789 0.7838118443175787
11 -63491.45507773995 2.4327205063537427E-11 14663.993697183849 -63490.802614596876 2.43259209296072E-11 14667.905792076897 -0.6658288350659578 2.551220968142376E-16 0.26561413541407364 -0.9863756282277795 3.205105394916103E-16 0.16450872338065806 5000.0 221906.65811801414 166.99499982819748 481037 1.0 1.0 0.5138789065370563 1.0000000000300804 15.730194605285284 1.0 1.0 1.0 0.0 4.0 0.0 0 1 0 7497 -2.4893947966051937 1.9545415712358627
12 -47546.657678515236 -2.4599208372285167E-12 14663.993697285277 -47545.48313098139 -2.460293404396501E-12 14666.191612889283 -0.5639939796707935 -2.917820065392924E-17 0.300432589317792 -0.8820228059725463 -2.3619382618986555E-17 0.4711723939182792 5000.0 153336.44822838347 162.859572309087 605605 1.0 1.0 0.4083489498290925 0.9999676550463662 6.210394911594645 1.0 1.0 1.0 0.0 4.0 0.0 0 1 0 8780 2.688117338463404 5.569529927260885
13 131511.9487489244 -2.050909232854034E-11 14663.993697025551 131513.01360242502 -2.0507496107555986E-11 14658.990360068385 0.7643493216059506 -1.1920125386051677E-16 0.14720465994821796 0.9780934440854395 -1.318435233505724E-16 0.20816631555250692 5000.0 302986.4684929021 6.362377808009797 645629 1.0 1.0 0.6058990973499473 1.0000000002936227 26.16729368475895 1.0 1.0 1.0 0.0 4.0 0.0 0 1 0 9754 -3.521335360192885 5.477697969582443
14 -17068.734744643363 -2.376756243429198E-13 -14663.993697025551 -17068.0329026273 -2.3776351123426704E-13 -14663.229470501006 -0.09029960502787542 -1.2571883994450097E-18 -0.021191920027753847 -0.7365292505431258 -1.1571182576981758E-17 0.6764056948662726 5000.0 2212.381483998611 220.66634590612722 1136572 1.0 1.0 0.008603116142653017 1.0000000009531436 1.0766243963306639 1.0 1.0 1.0 0.0 4.0 0.0 0 0 1 14582 3.9297751566242867 0.6342287406044644
15 -15490.731155224279 -6.404509836579601E-13 14663.993697025553 -15491.086235497683 -6.403864344667838E-13 14663.221271020766 -0.09419194334719046 -3.8942536181232005E-18 0.15400218637868163 0.9085956793515311 -1.3809067452796466E-17 -0.41767677636084005 5000.0 8535.637887963667 136.57045717598885 1164371 1.0 1.0 0.03258879560093453 0.9999999980474535 0.722723933432325 1.0 1.0 1.0 0.0 4.0 0.0 0 1 0 16290 3.2317881556127053 4.648850713751387
16 -38554.66623788905 -6.63609787205492E-14 14663.993697146056 -38554.135747758744 -6.634851243621198E-14 14663.272373925252 -0.20387947694988415 -3.5088093497895815E-19 0.13392592722925725 0.8055948250805517 -9.298361835425954E-17 0.5924668596058675 5000.0 15916.977205333296 159.17604306528406 1361477 1.0 1.0 0.05950299510557465 1.0000000019278035 0.8017269672183225 1.0 1.0 1.0 0.0 4.0 0.0 0 1 0 16342 3.258745386853907 5.613607679913056
17 -12260.76211207638 2.7344714857163056E-12 14663.993697025551 -12261.239048382893 2.734429762996798E-12 14664.841633962098 -0.05298864632926889 1.18191499843644E-17 0.10954883178214772 -0.8715879322924622 9.766793396732094E-17 -0.4902392038169613 5000.0 3826.1824327218005 129.89944867370718 1449797 1.0 1.0 0.01480874318464164 1.0000000006769378 0.946465288831048 1.0 1.0 1.0 0.0 4.0 0.0 0 1 0 17553 -1.278307702022131 5.772859760659696
18 -66824.0995717271 -1.11537928714869E-12 14663.993697025551 -66824.88588603056 -1.1153147635250231E-12 14663.785812895736 -0.2934532713990718 -4.897875885624487E-18 0.11121943909896617 0.2555962310914056 4.5421544461888517E-17 -0.9667836201711639 5000.0 27188.386382675333 167.62309677971325 1635029 1.0 1.0 0.09848458612830593 1.0000000015793926 0.6615059952593392 1.0 1.0 1.0 0.0 4.0 0.0 0 1 0 19542 3.581553297097424 2.2241550102046137
19 -58333.79913193136 -1.5783471237110878E-12 -14663.993697025551 -58334.62279817169 -1.578374826576842E-12 -14663.163819650532 -0.22120323864194757 -5.984802618686051E-18 -0.015176437194824113 -0.7097578518123205 7.368783487029427E-17 -0.7044457364726036 5000.0 13043.636667452043 194.11067635199916 1786873 1.0 1.0 0.04916119703161485 1.0000000038436687 1.3671225330263028 1.0 1.0 1.0 0.0 4.0 0.0 0 0 1 20483 3.745786749203901 4.422044785503151
20 -513662.20421711873 3.6857315670489027E-10 14663.993697025553 -513661.2070661718 3.685732975785579E-10 14663.70433463855 -0.8060215808410208 5.783541333034724E-16 0.03974389610983316 0.2786920046199045 -4.349922743054502E-17 0.9603805261976566 5000.0 354294.65274891874 178.36476811333816 1603704 1.0 1.0 0.6512503660594474 0.9999999885387486 1.0780406019797841 1.0 1.0 1.0 0.0 4.0 0.0 0 1 0 25292 -2.128566725545251 0.25961924626784255
21 -134471.41509434622 -6.41181311041005E-13 2194.3220549960115 -134472.37675380174 -6.411216547600742E-13 2194.282362534812 -0.1384403099199911 -6.600913514446867E-19 0.013232884027702788 0.041239839985314275 5.3150035261440705E-17 -0.9991492860676788 5000.0 5014.437630515844 179.065122986214 5673881 1.0 1.0 0.019340828630433814 1.0000000202515666 0.9263643998793889 1.0 1.0 1.0 0.0 4.0 0.0 0 1 0 49255 5.0218356411197025 3.5155619565861245
22 -145626.83715619083 -9.588065778189104E-13 -2521.191778224066 -145627.34325033863 -9.587302174648267E-13 -2521.898924962328 -0.14992598240530727 -9.87083719400278E-19 0.008379149028380054 0.8131950234511631 -1.8686867153532637E-17 -0.5819912936785027 5000.0 5860.308713056253 180.99184478170042 5753270 1.0 1.0 0.022548010338636307 1.0000000120833148 0.7561877958719005 1.0 1.0 1.0 0.0 4.0 0.0 0 0 1 49628 4.4666553355064815 5.633805442171401
23 -146260.65905671238 -1.3992325801829917E-12 -14474.303320920273 -146260.44838759128 -1.3991882884971087E-12 -14475.1312592972 -0.150578165095102 -1.4404945852638976E-18 -0.003926683911724631 0.9691192213727047 -8.211524038493778E-17 0.24659263691122818 5000.0 5897.642827373745 185.65172464512085 5764911 1.0 1.0 0.02268920264995039 0.9999999938128702 0.7298634345721225 1.0 1.0 1.0 0.0 4.0 0.0 0 0 1 50011 4.316687819324098 6.271566307013367
