# ELektron2 C++ Simulation Results
# Date: 2026-03-07 21:22:39
# Integrator: CAPD Taylor (order 20)
# CAPD order: 20  stepDivisor: 10  minStep: 0.0001  maxStep: 50
# Cores: 24
# Total time: 229938 ms
# Total simulations: 24
# startEnergy: 5000 eV
# startPos: -14663.993697025551 (reduced)
# detectionDistance: 14663.993697025551 (reduced)
# rangeMin: 9.9999999999999998e-13 m
# rangeMax: 1e-10 m
# spin: 1
# Z: 6
# alpha: 0.0072992700729926996
# reducedBohr: 274.49813790303745
# zitterRadius: 1.93079634e-13 m
# atomCount: 30
# atomSpacing: 735.44784117417589 (reduced) = 1.42e-10 m
# chainHalfLength: 10663.993697025551 (reduced)
# maxTime: 1000000 (reduced)
# Summary: isNaN=0 isPos=20 isNeg=4 is120L=0 is120R=0 isRenorm=0
#
# Columns:
# idx qx qy qz rx ry rz vx vy vz ux uy uz energyIn_eV energyOut_eV angle_deg steps apexCharge apexMass v2 u2 |q-r|2 minZdot2 maxZdot2 minXdot2 maxXdot2 minR maxR isNaN isPos isNeg elapsedMs dxZERO_reduced psi0
#
0 -4304.8854457703455 4.0972327080138714e-12 -14686.103256202674 -4304.945621266641 4.096797826834847e-12 -14684.391927081257 -0.36393078708030441 3.4642867548090522e-16 -0.46439265519147294 -0.99938235382495832 1.2846812542763877e-16 -0.035141299494858794 5000 121896.15928256238 253.66274299811226 3417 1 1 0.34810615598067612 1.0000000000669016 2.932268452165284 1 1 1 0 4 0 0 0 1 19924 116.19827791314313 2.1093974149497545
1 7016.8302164424222 -1.4029032426278623e-15 14666.757802219367 7017.220826499627 -1.4835880901248361e-15 14667.666194694079 0.04723832047423044 -9.5391346086791513e-21 0.13059284605779006 -0.91866871298765118 4.2569416334316068e-17 0.39502885442048569 5000 4999.9999997737223 64.432742362848046 4911 1 1 0.019285950362699752 1.0000000000471487 0.97775310490288203 1 1 1 0 4 0 0 1 0 96714 142.2214824511338 2.387616769119477
2 -3420.4150393888572 2.9121519431718355e-16 14665.003129124972 -3420.2170867330428 2.1663798143728053e-16 14666.018001813565 -0.02589038349864153 2.1204851932519959e-21 0.13643913809711358 -0.98150354822490449 5.5140319659145219e-17 0.19144394798817255 5000 4999.9999996922552 103.12876436391599 4692 1 1 0.019285950362389961 1.0000000003993754 1.0691518279953878 1 1 1 0 4 0 0 1 0 94942 -211.24687520695497 2.8648623782933957
3 -14258.811572695098 3.5575487190769395e-15 14668.649810183493 -14258.919704980442 3.5012594622361731e-15 14669.682166130095 -0.068167103137968754 1.6947835948040305e-20 0.12099254673584819 -0.99455915734636013 7.0668706206699458e-17 -0.10417332818084687 5000 4999.9999874484956 134.18829965693362 5617 1 1 0.019285950315848878 0.99999999976577636 1.0774513916171591 1 1 1 0 4 0 0 1 0 98806 16.207773873562711 4.5504438020190694
4 1000.8344174541539 -6.4238597737444268e-18 14665.317761745171 1000.4263172817433 7.0599327408479896e-17 14664.478423285171 0.010818771663686163 -2.3317788799510593e-22 0.13845181309284046 0.89933059917598701 -1.8704337546891931e-17 -0.43726933748912533 5000 5000.0000014326915 86.095903723727716 4426 1 1 0.019285950369005808 1.0000000001224183 0.87103480115736431 1 1 1 0 4 0 0 1 0 93398 -499.92080536736717 4.4219739734776606
5 -9229.4896420509685 -5.4602875902745716e-15 14666.300678869369 -9228.737879820259 -5.4643650743043369e-15 14665.61192786438 -0.072719966736282851 -4.3101308385269754e-20 0.11831211599548791 0.67553040685276999 -8.3787257317726591e-17 0.73733212984066054 5000 4999.9999973419453 122.18216976473003 6048 1 1 0.019285950353455872 1.0000000002780336 1.039524398395028 1 1 1 0 4 0 0 1 0 100237 377.2303770524523 4.1749362552499303
6 10569.989257810836 6.8809407963482424e-12 14671.943759423055 10569.197435543509 6.8810557771700939e-12 14671.949597101724 0.12473380266262794 8.1209825561768705e-17 0.24695884027424395 -0.0073722604884385139 5.4527307292762924e-17 -0.99997282430547363 5000 20757.405286411034 54.230196703344014 9881 1 1 0.076547190316278949 0.99999999957417507 0.62701658152712625 1 1 1 0 4 0 0 1 0 67336 -249.83671528204692 4.0664586838978494
7 24795.374081144586 -1.5328740219810988e-14 14664.762872598096 24796.038049326035 -1.5413594280719801e-14 14665.466824548459 0.10463777851085299 -6.4756870564937249e-20 0.091306547860331003 -0.72746453952633394 1.2397067230653557e-17 0.68614527916828294 5000 5000.0000027089436 30.601402976997541 6977 1 1 0.019285950373857243 1.0000000003931819 0.93640209439637634 1 1 1 0 4 0 0 1 0 112672 -224.45917171508398 0.14378213710825394
8 -10469.718185183172 3.4934323546163369e-16 14668.092784117724 -10468.618566790901 2.8525922072286526e-16 14668.033214068008 -0.079448911048387777 2.5487846131844582e-21 0.11390268164690624 0.054094066359778537 -6.1951445130460029e-17 0.99853584428072351 5000 4999.9999972565065 125.51829774042886 5478 1 1 0.019285950353131104 1.0000000003287535 1.2127091994432018 1 1 1 0 4 0 0 1 0 99574 419.26634463959277 4.3235286605462075
9 132651.770151378 -1.6534511075679037e-12 -11704.823103748584 132651.48856245767 -1.6533618548010302e-12 -11705.921799992933 0.13883211122064057 -1.7305330904163874e-18 -0.0034053048072146446 0.96869102600691148 -2.8103015535728114e-17 -0.24826939956112459 5000 5000.0002218369173 354.95743957658192 22240 1 1 0.019285951206810353 0.9999999986247643 1.2864257574023081 1 1 1 0 4 0 0 0 1 229906 -157.80694769794394 2.6230386355980544
10 -8739.6255080233932 4.5568078925716104e-16 14668.683103089272 -8738.4988962435546 3.7927902553331513e-16 14668.802180923019 -0.049182228439397298 2.4888972596394929e-21 0.12987324112663678 -0.10511004396362977 -4.9443469552129225e-17 0.99446059670162823 5000 4999.9999977488296 120.78655529272744 4706 1 1 0.0192859503550026 0.99999999973419462 1.2834336329612397 1 1 1 0 4 0 0 1 0 97457 164.60022293162109 5.868789470445769
11 3521.6787929390725 7.3220373259927426e-16 14670.015788860544 3521.2054108691195 7.1347723043006982e-16 14670.779407073504 0.022814947034968995 4.5918541855593222e-21 0.13698696490623041 -0.84993320756313273 9.4704230336979296e-17 -0.52689044638825777 5000 4999.9999997025798 76.50103543932498 4732 1 1 0.019285950362429242 0.99999999981377274 0.80720335931575671 1 1 1 0 4 0 0 1 0 93258 245.97984448922639 2.4664761636365133
12 37027.250579542611 -9.7456626095186845e-14 14666.850439321559 37026.721202905603 -9.7367111272461653e-14 14665.947976149964 0.11675181680412805 -3.0736448127398795e-19 0.075199492268802126 0.86255344805743284 -6.9693915859438499e-18 -0.50596595705159597 5000 5000.0000002606002 21.608995258224738 8812 1 1 0.019285950364550306 1.000000000450904 1.0946793998954187 1 1 1 0 4 0 0 1 0 123411 53.377117626006743 4.7267155879426621
13 7131.1416190229593 1.530635262627852e-12 -14670.198799476966 7130.648889495229 1.5306015102476672e-12 -14669.316897350516 0.074631209150339897 1.6017069152946616e-17 -0.18826766961854896 -0.87298484465791915 9.8134931002739503e-17 -0.48774733288413108 5000 10812.991243475721 295.92425382955116 7516 1 1 0.041014532802840883 0.99999999973799458 1.0205337481340697 1 1 1 0 4 0 0 0 1 102635 -475.28549788852325 1.3985104388727625
14 6031.7129851341124 1.2462011049862622e-15 14666.04736184504 6032.3828966376868 1.1566064096223188e-15 14666.822525888954 0.05403551529791692 1.0969937122156762e-20 0.1279301115859601 -0.75660489624846095 1.6164285031077791e-17 0.6538723356045677 5000 5000.0000000914242 67.644078920242407 5355 1 1 0.019285950363907615 1.0000000002961167 1.049660717599447 1 1 1 0 4 0 0 1 0 95867 431.81080357253398 4.4388124802753683
15 -11686.152118627931 -4.1519921576107911e-16 14665.783313124422 -11685.7321573683 -3.9037491136459129e-16 14664.94484121974 -0.099663072399610295 -3.6493142172323307e-21 0.096712058975298734 0.89411759981564898 -8.2628186600966465e-17 0.44783224270363209 5000 4999.9999967935701 128.54892655864683 5991 1 1 0.019285950351371626 0.99999999990506194 0.87940259453310854 1 1 1 0 4 0 0 1 0 102291 493.2660582302002 0.68912437942543447
16 4414.6014709155206 6.8312054142106646e-18 14670.207571927764 4413.7483522487064 6.9703740138839145e-17 14670.036751521702 0.029699179721555183 -4.1075650763132331e-23 0.13566100800234313 0.19633348335160961 5.9248952245948263e-17 -0.98053718076566798 5000 5000.0000012588634 73.252255686224103 4468 1 1 0.019285950368345042 0.99999999954886098 0.75699107079388561 1 1 1 0 4 0 0 1 0 91504 -285.84236514694072 3.5583277859077254
17 2050.4587208866242 -7.6544780047348939e-14 -14668.931958630823 2049.38940721687 -7.6549188402983352e-14 -14668.621920813783 0.035384298167762694 -1.3171501542027312e-18 -0.13429734446176161 -0.27847213186112957 4.7256498898297954e-17 -0.96044430963400407 5000 5000.4932434304974 277.95738292450869 5562 1 1 0.019287825286306189 1.0000000001316209 1.2395551723181202 1 1 1 0 4 0 0 0 1 43113 -222.83921607882152 5.2486354437993574
18 -4869.739407328133 2.1230855435430318e-16 14665.589971894669 -4870.5896368602134 2.5291404757691144e-16 14665.776827667807 -0.028615467296443427 1.1723383328313878e-21 0.13589372828589749 -0.21464841764653067 7.9775608102944461e-17 -0.97669138274162925 5000 4999.9999980204648 108.36885320926665 4479 1 1 0.019285950356035159 1.0000000003199152 0.75780533717663323 1 1 1 0 4 0 0 1 0 90787 170.34313697191209 3.5038926048869636
19 -5291.5750927858035 1.6681975480501344e-16 14668.981816829846 -5292.1462336846434 2.4274079217725002e-16 14668.314446667959 -0.039326215902347965 1.1405556313232065e-21 0.13318933552979254 0.75975739678018406 -9.6781472813942295e-19 -0.65020665795330612 5000 4999.9999980285202 109.83600996001059 4543 1 1 0.019285950356065742 1.0000000000090097 0.7715848593054242 1 1 1 0 4 0 0 1 0 94370 349.80144244952163 5.022499087517164
20 -11635.016403512107 4.8285670469032557e-16 14669.867774907239 -11635.874637261077 5.1932487765507845e-16 14670.136253487168 -0.073406793223428815 2.9609983903489983e-21 0.11788720482835398 -0.29855918983605201 7.9066750152502025e-17 -0.95439112002917026 5000 4999.9999973771191 128.41875947037806 5373 1 1 0.019285950353589522 0.99999999982609378 0.80864591575096589 1 1 1 0 4 0 0 1 0 98985 325.58418595862804 1.9751736465402498
21 19067.942671950495 4.6822508083719652e-15 14667.100756152338 19067.560213273395 4.6553279772589886e-15 14667.879730923049 0.095406051741088002 2.3312982834406455e-20 0.10091400132982781 -0.89764350428290918 9.434227090648981e-17 -0.44072229287407916 5000 5000.0000025412419 37.567558539211639 6834 1 1 0.019285950373219649 1.0000000002174867 0.75307633309258215 1 1 1 0 4 0 0 1 0 107479 -244.21020944900809 1.556703544171403
22 7227.1411078599267 1.4659212742346078e-15 14664.915408051287 7227.7560099795046 1.485732726713491e-15 14664.002180758687 0.042676301715676566 8.5328562261103098e-21 0.13215401482660644 0.82949100358346617 -7.4705066463402946e-17 0.5585200753252112 5000 4999.9999998312496 63.765070787741585 5211 1 1 0.019285950362918372 0.99999999956718555 1.2120887046107509 1 1 1 0 4 0 0 1 0 96658 186.65963981232613 5.047100685537445
23 -2931.4550367551296 1.3216981872417005e-16 14664.229978063717 -2930.5370539681207 3.6582178316164784e-17 14664.868973943372 -0.0177313784298243 7.2801206761335498e-22 0.13773724469193904 -0.5713049557878167 -8.1854481657587946e-18 0.82073786768925816 5000 4999.9999981029532 101.30470668062779 4424 1 1 0.019285950356348728 0.99999999996682942 1.2510081314611214 1 1 1 0 4 0 0 1 0 93845 206.88729007944971 3.6924549323072084
