# ELektron2 Java Simulation Results
# Date: 2026-03-13 19:43:59
# Integrator: DormandPrince853 (commons-math3)
# DP853 minStep: 1.0E-10  maxStep: 10.0  absTol: 1.0E-12  relTol: 1.0E-12
# Java: 25.0.2  OS: Windows 11 amd64
# Cores: 24
# Total time: 186384 ms
# Total simulations: 1000
# Detected: 37
# Detected ratio: 3.7%
# Detector: 100.0mm x 100.0mm at 1.0m
# startEnergy: 5000.0 eV
# startPos: -14663.993697025551 (reduced)
# detectionDistance: 14663.993697025551 (reduced)
# rangeMin: 1.0E-12 m
# rangeMax: 1.0E-10 m
# spin: 1
# Z: 6.0
# atomCount: 30
# atomSpacing: 735.4478411741759 (reduced) = 1.42E-10 m
# chainHalfLength: 10663.993697025551 (reduced)
#
# Columns:
# idx qx qy qz rx ry rz vx vy vz ux uy uz energyIn_eV energyOut_eV angle_deg steps elapsedMs dxZERO_reduced psi0 xDet_mm yDet_mm detected
#
0 -620.7628264622122 0.8641223047165439 14663.993697102302 -619.763483125204 0.8208791772248627 14663.993564801347 -0.009378415713011106 1.2947551685569093E-5 0.13855683117465453 -0.042796038227237584 -0.9894349448782125 0.13851710801222428 5000.0 4999.999986984993 92.42402361468916 1025601 9566 411.35960621670057 3.4975577786433703 -67.68641887594389 0.09344578376831067 0
1 -617.6607419484765 0.5076277889325616 14663.993697025551 -616.9932346465619 1.249102063353203 14663.99369116021 -0.0030890224542660123 2.5273278790602253E-6 0.13883950533029582 0.7360074923097403 -0.6625847692365572 0.13883225365668878 5000.0 4999.999984981544 92.41192459194833 1025665 7641 -177.75962954146613 6.066864158503062 -22.248872515911827 0.01820323310031805 1
2 792.4952659258153 -1.450341577357742 14663.993697025553 791.5724137465169 -1.8327868415645896 14663.992831728558 0.0025258301577619803 -4.615588138533207E-6 0.1388508918239948 -0.37926542585304146 0.9148658024180775 0.13848573964220198 5000.0 4999.999904253954 86.90653817162053 1021230 7429 216.8172491848944 3.862846424475249 18.19095379641985 -0.03324132872249646 1
3 681.6273643242691 -0.29329146740844425 14663.993697025551 682.1053616617241 0.58609775931819 14663.993691813228 0.0010056080507871458 -4.3192956475217763E-7 0.13887022370186733 0.8700734982186137 -0.4729328930138468 0.13894814387424195 5000.0 4999.99997768746 87.33863226801634 1025508 7910 -140.18554696358555 0.5019931961902815 7.241351126113465 -0.0031103108588595844 1
4 497.32103203144203 -0.18238528767884182 14663.993697025553 497.6654361286788 -1.1177065735844736 14663.993736206434 0.003464892719012932 -1.2524106841294943E-6 0.13883063379938054 -0.9293168964377576 -0.3421873443412824 0.13884497472827304 5000.0 5000.000000184352 88.05759060763144 1024862 9180 -513.3520738227743 5.68706184987688 24.95769574905155 -0.009021140722726303 1
5 -809.6427671070958 0.9859397170944106 14663.993697025553 -810.19655870508 0.14872529062616852 14663.993948762405 -0.004457743524436077 5.409280176952125E-6 0.13880230114306435 -0.8259087664301081 0.5463551003353738 0.13917907049600473 5000.0 4999.999985699323 93.16026191815284 1026997 9120 -358.5342384171411 5.220450874688148 -32.11577537062195 0.03897111310407418 1
6 416.0701156228345 -0.15525714563350668 14663.993697025551 416.6953671347038 -0.9341846082997183 14663.99372663695 0.0014858291133069662 -5.503679231779536E-7 0.13886591619750077 -0.7722811168653804 -0.6199111545998345 0.13889577788666735 5000.0 5000.0000016490685 88.37474920598846 1024705 9091 -500.37444316646395 5.604708473392513 10.699739388848732 -0.003963304590848613 1
7 808.7235651941285 -1.578950853661427 14663.993697025553 809.5788249551684 -2.0882820848730246 14663.994619652278 0.008570469028898077 -1.6661379034449476E-5 0.13860915121922154 -0.5068780404794745 -0.850890320671765 0.13805909848997586 5000.0 4999.99990927375 86.84331872353359 1024138 9181 503.36702515299186 1.2381732087793018 61.83191335861504 -0.12020403334046943 0
8 499.4986135622957 -0.18555372445223206 14663.993697025553 499.47102362504705 0.8151588392763784 14663.993654918575 0.0010828025960684115 -4.004789921112482E-7 0.13886964354807294 0.9899341694192817 0.02729861682739652 0.13887089703241717 5000.0 4999.999999271641 88.04909208627583 1024835 9383 -427.2508419973673 0.4378897916932983 7.797259130240184 -0.00288384834784006 1
9 640.2426275882247 -0.6824078867845785 14663.993697025555 639.2626578627807 -0.8806618652395235 14663.993518412912 8.483807953078949E-4 -9.039356580274447E-7 0.13887127297688948 -0.1963932671214298 0.9706471511978949 0.138830085197658 5000.0 4999.999959342699 87.5000045394877 1027202 9493 101.83675787416917 4.053328749557451 6.109116573368488 -0.00650916232457864 1
10 693.9441907100158 -0.25188219104764403 14663.993697025553 694.942353767309 -0.30859893385254356 14663.993709254577 0.0037698047491702934 -1.352872119597015E-6 0.13882268878803428 -0.05618168648234201 -0.9887166110854041 0.1388635342989493 5000.0 4999.999996963313 87.2906130803403 1025212 9265 -427.1474830483438 5.476459149646765 27.155537629200776 -0.009745324279539705 1
11 497.39832491228515 -0.672696901982126 14663.993697025551 498.18210207500454 -1.2743767542516633 14663.993938603586 0.01885026298533253 -2.495011806600402E-5 0.13758858047327632 -0.6031807520121502 -0.7856771321629099 0.13742061097045633 5000.0 5000.0000395178295 88.05728895261596 1025878 9141 -513.846760910423 1.8044383009110059 137.00456041112943 -0.18133858188071103 0
12 498.22657801256815 -0.1843146779930331 14663.993697025553 498.7361082018227 0.6778403758827597 14663.993661304266 0.0016831211117999813 -6.183542618732781E-7 0.1388636650301561 0.8525528627600192 -0.5038495783377382 0.13888563099396134 5000.0 4999.999999764986 88.05405649218679 1024829 9144 -458.2414392773202 2.2265514488184643 12.120673262040643 -0.0044529593953824735 1
13 635.8687162837468 -0.23806428086216297 14663.993697146361 635.623494601371 -1.2058361432920908 14663.993734689639 0.0016745336887899092 -6.236695179450265E-7 0.13886376879874449 -0.9599749098156518 0.243251415004573 0.1388413543602359 5000.0 4999.999996026321 87.51706217684084 1025112 9252 -335.4847363978866 1.7331920934976233 12.058823574180922 -0.00449123283445455 1
14 440.29970573879655 -0.16521629613238759 14663.993697025551 441.29560350450413 -0.25602624461087237 14663.99370368976 -2.59307723516392E-4 9.739050771989866E-8 0.13887362283599647 -0.08992776342222866 -0.9862127948440447 0.13891479801801498 5000.0 4999.999999089643 88.28015899298157 1024754 9198 -393.3817353189477 4.662854433912223 -1.867220845981838 7.012887381422496E-4 1
15 763.1213866628381 -0.28267429480849815 14663.993697025551 763.414556592047 -1.2355861649974775 14663.99374173832 0.003114886210519481 -1.1442585813794278E-6 0.13883892763531347 -0.9465339255387615 -0.29120119599131417 0.1388358428101944 5000.0 4999.999994943186 87.02098700632365 1025379 9683 -335.4221394847781 5.526738824298277 22.435251147295773 -0.008241626472260273 1
16 640.5754378738717 -0.26282086445532993 14663.993697025553 640.0228165782734 -1.0955126034210978 14663.993706521032 7.228979663100947E-4 -2.9625708526517197E-7 0.1388719832254101 -0.8251389965141951 0.5476104518211905 0.1388107691117351 5000.0 4999.999984993231 87.4987066444185 1025321 9485 -177.00121672595276 3.740905683825827 5.205498974812814 -0.002133310682143152 1
17 -418.07741881770124 0.16455131514635488 14663.993697025551 -418.7241690503262 0.9288906023331326 14663.99374409924 0.0016219461307913552 -6.428987791812467E-7 0.1388643929367445 0.7559925806353783 0.6396790643994649 0.13887372900802106 5000.0 4999.999992580055 91.6330874748929 1024841 9559 239.08057088880759 4.725461893044126 11.680072166017274 -0.004629687752094231 1
18 -53.63482481213174 0.016199354974275774 14663.993697134127 -52.95674923209309 -0.7116600950816817 14663.993669329326 0.00702815503187657 -2.820177199602287E-6 0.1386959097886022 -0.7246154343779914 -0.6750587449121204 0.13866565217531895 5000.0 4999.99999990364 90.20956333291946 1024479 9165 356.0134922952569 3.402036255882251 50.67312397740321 -0.020333528248242867 0
19 297.57344145853165 -0.15040081108172101 14663.993697025553 298.25683139500757 -0.8656501127400372 14663.99371098551 0.014515268298632724 -6.799435324017695E-6 0.13811320478071495 -0.7161054546923736 -0.6842052598551993 0.13804397830478726 5000.0 5000.00000822197 88.83746795866624 1025271 9151 500.6175144972983 2.3408405477024226 105.0968900597079 -0.04923088516274235 0
20 -155.70139876296713 0.28621399492775146 14663.993697025553 -154.72626861630224 0.5113792223968336 14663.992766694166 0.0036429277147358966 -6.76017119447978E-6 0.13882607655055682 0.22294126146024862 -0.964926008361657 0.13861815315148251 5000.0 5000.00003548756 90.60834026296412 1025274 9108 -489.90384369558694 5.703761306070293 26.24094698382719 -0.04869525497263407 1
21 -293.4690312007973 0.545230449014173 14663.993697025553 -293.9274269784582 1.4364136818524142 14663.994143579625 0.0025511696047636288 -4.75637485834875E-6 0.13885042973952844 0.8807783207808871 0.4529746800932671 0.13799814816273503 5000.0 4999.99999059964 91.14650162575757 1026534 8925 -379.37018183393934 2.419895755613988 18.373508886860527 -0.03425538449734223 1
22 165.59093474458993 -0.07931187096295897 14663.993697025553 164.81819557230688 0.5672472904148781 14663.993716211833 0.011842787147236345 -5.030984449733911E-6 0.138367983019861 0.6355379833657888 0.7595630365058172 0.13840327081797088 5000.0 4999.999998461049 89.35302356005374 1025080 9855 314.0455025894437 4.479528497966186 85.58907117650519 -0.036359454983251265 0
23 574.2952813450457 -0.21022133335107243 14663.993697025551 575.0234361565967 0.4780615746890008 14663.993671314349 0.002840670250825166 -1.0292139074528945E-6 0.13884480887005124 0.6802759279158886 -0.7196788030803278 0.13887793991983152 5000.0 4999.999998719975 87.75723523940822 1024973 9598 -458.19878659616484 5.36847132892618 20.45931910557657 -0.0074126927454390085 1
24 696.8791904410066 -0.2505309073736799 14663.993697025551 696.1089751834086 0.3918832636739228 14663.99366216142 0.004611363551518107 -1.6347431782092147E-6 0.13879728266469563 0.6343175026456566 0.7605153794572848 0.13877198354138112 5000.0 4999.999996848487 87.27917105718454 1025232 8995 -458.1205532362392 0.14934565341407557 33.22373077474556 -0.011777919184184625 1
25 -279.8507342961888 0.6067394015120295 14663.993697025551 -279.9493487702762 1.603955875188682 14663.993673170555 0.001968989139475673 -4.282170745605709E-6 0.13885990706778908 0.9854024855242575 0.0974495313210465 0.13959058054407852 5000.0 5000.0000957281745 91.09331196723426 1025819 9186 360.23203403006227 3.483736482694 14.179680665596626 -0.03083806431985602 1
26 -734.2001652305304 0.6120941878659116 14663.9936971352 -733.3010206841045 1.042044974265989 14663.993589808073 -0.0075118367799248765 6.204202087375331E-6 0.13867055420596988 0.42724309113429204 -0.8934474129359902 0.1386184021436364 5000.0 4999.999992247603 92.86630458385429 1025929 9045 -411.369615878063 3.7179606761211086 -54.170381181050224 0.04474058766766099 0
27 -683.4090269288492 0.8250141851154353 14663.993697025551 -683.6737538321189 -0.14051524283322298 14663.993778618387 -0.001147296815294944 1.383990991506182E-6 0.13886912493053882 -0.9550168029114803 0.26185633542536285 0.13919111263312725 5000.0 4999.999944047305 92.66831407179822 1027636 9048 -103.75399183218423 3.0054872821187613 -8.261712715974934 0.009966153327447283 1
28 59.91017091935966 -0.0957087369091312 14663.993697152731 60.90872057289001 -0.14101110416524826 14663.993465749109 0.007755590670759618 -1.1635017538945463E-5 0.13865713489055284 -0.04485187517734407 -0.9893280794470999 0.1386299406108974 5000.0 5000.000003820672 89.7659177359046 1024202 9125 210.07893896832124 3.305261259316296 55.93358521998446 -0.08391214450038513 0
29 -117.69263998620183 0.06848601457203865 14663.993697025551 -116.69941760308997 0.19090285398578968 14663.993482266176 0.0064375542426315085 -4.0042333605740686E-6 0.1387245754753201 0.12117447312411152 -0.982899260305401 0.13865710017598556 5000.0 4999.999894220376 90.45984381225294 1025280 9189 42.75062725523197 6.18771752826832 46.40529063126804 -0.02886462868496177 1
