# ELektron2 C++ Simulation Results
# Date: 2026-03-09 10:30:09
# Integrator: DP853 (self-contained)
# DP853 absTol: 9.9999999999999998e-13  relTol: 9.9999999999999998e-13  minStep: 1e-10  maxStep: 10
# Cores: 24
# Total time: 13892 ms
# Total simulations: 24
# startEnergy: 5000 eV
# startPos: -14663.993697025551 (reduced)
# detectionDistance: 14663.993697025551 (reduced)
# rangeMin: 9.9999999999999998e-13 m
# rangeMax: 1e-10 m
# spin: 1
# Z: 6
# alpha: 0.0072992700729926996
# reducedBohr: 274.49813790303745
# zitterRadius: 1.93079634e-13 m
# atomCount: 30
# atomSpacing: 735.44784117417589 (reduced) = 1.42e-10 m
# chainHalfLength: 10663.993697025551 (reduced)
# maxTime: 1000000 (reduced)
#
# Columns:
# idx qx qy qz rx ry rz vx vy vz ux uy uz energyIn_eV energyOut_eV angle_deg steps elapsedMs dxZERO_reduced psi0
#
0 -2744.9841160698725 1.0699750615355965e-16 3138.6730398161103 -2744.6727400214691 1.4522957879276109e-16 3137.7379526385516 -0.039175381243234261 1.3371389568720268e-21 0.13323378148615103 0.94878055975475151 -7.1764120266508452e-17 0.31593582748914412 5000 5000.0001739159698 131.17191497074299 743118 7014 258.16262138605879 3.5178842361639591
1 -2109.1692466780296 7.8137275907525648e-17 14663.993914751994 -2108.4185974974703 -1.7204082232244168e-17 14664.795139742087 -0.017179332486753258 5.4018312120633014e-22 0.13780718737438202 -0.72976405106746123 9.9956516408813915e-18 0.68369907899391369 5000 4999.9999982028021 98.184900620455508 1203306 10423 391.79416273129561 1.5958207681930539
2 -2744.9886834892004 1.8050536666749331e-16 -2215.1994689021999 -2743.8629848981936 1.1184758836723364e-16 -2215.2062767671409 -0.051120342990248001 3.112854944167296e-21 0.12912266089144386 0.0060475704231612287 -5.6744727161574417e-17 0.99998171327268282 5000 5000.0001735148717 218.90344883239709 530772 6124 125.90702994673511 3.3836762198544053
3 2744.9838304809364 4.2181579191580032e-16 3435.2254629227209 2744.1522083667683 4.8953072788820531e-16 3434.9551206962483 0.026384989368412215 3.9067461033868806e-21 0.13634435588902313 0.30915334237142356 5.0383542355168683e-17 -0.95101220316858248 5000 5000.0001797329696 51.372715509185682 749897 9093 -32.991299358414864 0.86245953950331933
4 2744.9827675994543 5.9054956019080631e-16 -6136.2520771671925 2745.2033237176802 5.1944330953336364e-16 -6135.3375230571401 0.07227117177284241 1.5107340848647901e-20 0.11858679863674582 -0.97213027160006638 5.6316827372882079e-17 0.23444132594964878 5000 5000.0001885638203 294.10081355469748 379433 4101 -15.631732051224027 4.4127823299583753
5 2744.9864225141764 -5.8535369876755853e-16 1482.9450264222394 2746.0072765077507 -6.1642969314384085e-16 1482.4428597567016 0.046702825922160358 -1.0201248900400327e-20 0.13078530911539163 0.44139561691371104 -7.2076015162358293e-17 0.89731260386151546 5000 5000.0001751976679 28.379587671837946 678073 9953 100.18111615822539 1.6794640755817865
6 -2744.9870824898462 -3.1112586028054087e-16 7176.2065048762806 -2745.0655958020743 -2.5030743261322411e-16 7175.2915433050648 -0.057334787797882127 -6.7209217586670222e-21 0.12648586141345716 0.99633848666328051 -5.166792378959476e-17 -0.085496306373294501 5000 5000.0001751471764 110.93246612406786 917255 10823 -447.65327973246826 0.7493106981118387
7 -2744.9834204591293 1.3633527671396388e-16 -3826.5769874255798 -2745.4108188274513 1.0737614518494732e-16 -3825.6669565290053 -0.080328692287075593 3.6001136723842298e-21 0.11328394509725066 -0.90514471906021932 8.3490443451336468e-17 -0.4251035618973617 5000 5000.0001730468293 234.34634887589561 479196 3739 194.78757472168263 3.0449198558300541
8 -2744.9830243735528 1.8968403480460982e-16 3665.1722878090845 -2745.7894144835091 2.1732558966412931e-16 3665.5261936081097 -0.027413650198776885 1.76910356324173e-21 0.13614126048337488 -0.4018766441470043 8.7609362107434069e-17 -0.91569381537638672 5000 5000.0001735399474 126.83089715299896 759672 11220 89.156484575677126 0.39896446240575062
9 2744.9890156159936 4.9782770549094666e-16 7559.6176620635024 2744.1512268479205 5.685618032758226e-16 7559.3033221636215 0.06023920463011203 1.0441146269112882e-20 0.1251286907844201 0.35128912715379218 4.9397468244396895e-17 -0.93626702928405203 5000 5000.0001758204762 70.043425453861161 933008 11807 462.51618968956251 1.7842148187145948
10 -2744.9914450960491 4.2609299435438518e-16 13836.794224993317 -2744.5701919476833 4.5332592129355908e-16 13835.9215800208 -0.07102884792303428 1.068833881444727e-20 0.11933504566153491 0.90056122683683226 -7.8928516620185211e-17 0.43472920152341077 5000 4999.9999991461491 101.2208475953707 1195618 13852 -239.33274186193188 1.8415887880426229
11 1482.1774846889646 3.4336626389606034e-16 14664.006267010584 1482.4866617622404 2.6493091029662958e-16 14664.961657637175 0.01992305158722147 4.2800616705641997e-21 0.137437339826045 -0.95142115203590816 4.8688740166005585e-17 0.30789249982800398 5000 4999.999999854509 84.228379765293326 1202134 13797 516.36998159528241 0.14947447460550339
12 2744.9820453737921 1.7804451181769708e-17 6220.9132035384328 2745.6576326663435 -7.3556910538450848e-17 6221.7168120963197 0.028263023304504066 4.8524025648588074e-23 0.13596746871829227 -0.76544392990035048 1.702998495503432e-17 0.64350259471755833 5000 5000.0001768935126 66.190498481046674 864400 10796 -233.71229677360864 1.232702827942453
13 -2744.9853819046484 2.0334233555306063e-16 262.22072225045304 -2743.8537130880063 1.3505020338757022e-16 262.20331154016606 -0.036221640141032886 2.5125995590694855e-21 0.13406693778932485 0.015383166501185113 -5.6281379232890206e-17 0.99988167199431144 5000 5000.0001734058324 174.54325376636851 624326 4897 85.453247251684928 2.5264677698150964
14 1615.0707612628246 -5.6247437531064283e-18 14664.004306743711 1615.5175513836271 2.6573151451319086e-17 14663.044819592569 0.016786032206275638 -2.0263674229037323e-22 0.13785564729581257 0.90653422657385718 -7.2123132896371264e-17 0.4221323195936123 5000 5000.0000013200206 83.714863647990725 1201943 12838 -471.72413596516219 2.3517220499690263
15 1637.5855041956559 -9.8966622193329871e-18 14664.006101592302 1638.0508999325555 2.0545408555880455e-17 14663.056011091419 0.013597176394275769 -2.0234646559099838e-22 0.13820661041588117 0.89804579697251408 -7.2865773778164933e-17 0.43990197285960608 5000 5000.000001311284 83.627962845095027 1201179 10489 -409.84196038244875 1.6845788047425654
16 -2744.9854992521446 -2.9716153374421755e-16 9546.0006393064778 -2744.1258552098602 -3.123878810101089e-16 9545.3880517052239 -0.056074260833395138 -6.2880563289662747e-21 0.12704970789724984 0.58033210790311573 -8.1121155496398417e-17 0.8143799142180983 5000 5000.0001686902351 106.04277237243623 1013409 12802 -490.86884073448596 0.39547553293031207
17 -2279.3934041875073 6.708146747351453e-17 14664.015708788269 -2278.8339234898094 -2.3987034318921388e-17 14664.938975268857 -0.024187620676673096 5.7758381079022305e-22 0.13675126823067676 -0.8552285175905795 2.7434374290191309e-17 0.51825107896227329 5000 4999.9999981945193 98.835421756492366 1206177 10378 470.53355472349506 5.9673290312453533
18 -991.00922256571755 6.6066433346652567e-17 14664.000483870383 -990.35252842896557 -2.6863364480685056e-17 14664.853818697489 -0.0057827418318835856 3.4574994113126879e-22 0.1387534152884646 -0.79249707812625947 1.9049729854716447e-17 0.60987570973916705 5000 4999.9999983550724 93.866232761282248 1198763 13472 355.56120244346283 4.741606291002527
19 2366.0726129105524 1.0104932684914451e-15 14664.002044154877 2366.1794154211639 9.43202333591138e-16 14664.978020519213 0.01400411174645832 5.8015963372402286e-21 0.1381659698620909 -0.99406562627650863 6.3405377789813652e-17 0.1087820449169733 5000 5000.0000026779671 80.834183770266989 1202038 13271 -48.376296530528172 0.01490019250903667
20 -2744.9849476690183 1.2698096665693399e-16 8093.6817266401231 -2744.4164263844204 3.569466443546941e-17 8094.5991603725788 -0.022548512401848544 9.4158781647176621e-22 0.13703107535492359 -0.85002201867823768 2.6695843681270464e-17 0.52674715758810065 5000 5000.0001738661585 108.73444821533627 938577 11754 172.46060129820037 3.0326410759081401
21 2744.9818285322644 -3.4170996033522609e-18 13020.067151561838 2746.1071406864776 -6.1571033794416006e-17 13019.894193153172 0.029497937227927696 -1.7452864914447148e-22 0.13570490807006194 0.15191429081824639 -6.0548889574866263e-17 0.9883936704328885 5000 5000.000003011327 78.094845630935026 1142825 10173 -439.87524832039281 2.6589337227623902
22 -2745.0174691914594 -1.640397462090358e-13 -5557.3833361644529 -2744.0033994873233 -1.6410930028513466e-13 -5557.1309816928069 -0.45121165717032052 -2.6947266039525863e-17 -0.0069694831140017042 -0.24148806931230243 -1.4544803235557984e-16 0.97040378858728171 5000 61619.754689616413 243.71336214733594 411372 4227 276.54195369281825 4.615191730590773
23 -2745.0211777723425 8.4349940320307592e-14 1301.1635209122708 -2743.5176317805208 8.4307651567648312e-14 1300.7602067420553 -0.17951607585305096 5.5131533319533452e-18 0.44589830967838584 0.25908289260812828 -4.1441252837583451e-17 0.96585509002881553 5000 71736.502962545332 154.63864799671398 463695 3610 -243.95728607789303 2.1275714316422984
