# ELektron2 C++ Simulation Results
# Date: 2026-03-07 20:53:55
# Integrator: CAPD Taylor (order 20)
# CAPD order: 20  stepDivisor: 10  minStep: 0.0001  maxStep: 50
# Cores: 24
# Total time: 102552 ms
# Total simulations: 10
# startEnergy: 5000 eV
# startPos: -14663.993697025551 (reduced)
# detectionDistance: 14663.993697025551 (reduced)
# rangeMin: 9.9999999999999998e-13 m
# rangeMax: 1e-10 m
# spin: 1
# Z: 6
# alpha: 0.0072992700729926996
# reducedBohr: 274.49813790303745
# zitterRadius: 1.93079634e-13 m
# atomCount: 30
# atomSpacing: 735.44784117417589 (reduced) = 1.42e-10 m
# chainHalfLength: 10663.993697025551 (reduced)
# maxTime: 1000000 (reduced)
# Summary: isNaN=0 isPos=9 isNeg=1 is120L=0 is120R=0 isRenorm=0
#
# Columns:
# idx qx qy qz rx ry rz vx vy vz ux uy uz energyIn_eV energyOut_eV angle_deg steps apexCharge apexMass v2 u2 |q-r|2 minZdot2 maxZdot2 minXdot2 maxXdot2 minR maxR isNaN isPos isNeg elapsedMs dxZERO_reduced psi0
#
0 -7108.5397499768578 2.734916963654367e-16 14670.036232617917 -7107.557762154408 2.3917104550104378e-16 14669.608537420063 -0.067437803834081614 2.4652743637339654e-21 0.12140054764389883 0.39931019749427643 -7.7125000059898118e-17 0.91681588459458907 5000 4999.9999975383525 115.85305772600329 4527 1 1 0.019285950354202625 1.0000000000678768 1.1472232657067567 1 1 1 0 4 0 0 1 0 62951 466.19728057112997 3.0179903965397998
1 16853.213887442336 -6.6300702135675998e-15 14667.540443986323 16852.555530917289 -6.6265936242592821e-15 14668.095955866316 0.097110495658408319 -3.8354263507315602e-20 0.099274881043033128 -0.64488691694722144 9.9819530081431953e-17 -0.76427800231079457 5000 5000.0000025176414 41.033415579379408 5373 1 1 0.01928595037313012 1.0000000004658713 0.74202676288605385 1 1 1 0 4 0 0 1 0 70978 -240.6529286571872 0.87786324807859584
2 7621.5221706109905 -6.4468476388118686e-16 14665.438726495731 7622.6038337477412 -7.222342430159337e-16 14665.620567998318 0.071073379280271409 -6.1333499665848155e-21 0.11930852915287626 -0.16578647664988339 -3.9939573251357094e-17 0.9861616723969806 5000 5000.0000019414674 62.539427304449916 4565 1 1 0.019285950370940039 0.99999999994479205 1.2030614734681306 1 1 1 0 4 0 0 1 0 63511 -466.19766621117708 2.5751651170680034
3 177.22747503236968 8.3316229204738171e-17 14666.248050368627 177.65229683379965 1.161784951339966e-16 14665.300673378579 -0.0015209844312880493 -2.0789726250970379e-21 0.13886553557334233 0.91246058134277019 -7.2609031224263327e-17 0.40916462186320801 5000 5000.0000000399114 89.307669413445623 4304 1 1 0.019285950363711425 1.0000000002888481 1.0779967242439861 1 1 1 0 4 0 0 1 0 59422 502.83625923009367 4.1534716149330357
4 -1615.5554623053815 5.3426043070401275e-16 14667.27999649515 -1614.9457230545661 4.4227589828822342e-16 14668.16424768658 -0.010098051260269416 3.3526799776629323e-21 0.13850624432242714 -0.82325157855692854 2.3188968020805638e-17 0.56767670241350854 5000 4999.9999978951992 96.285614633190178 4289 1 1 0.019285950355558908 1.0000000000595499 1.1536821235302377 1 1 1 0 4 0 0 1 0 59708 103.48162325935611 5.9811536592795527
5 -40772.679585065016 6.315092510298375e-15 14664.709031128199 -40771.82518736722 6.2894728525296421e-15 14664.266905456952 -0.13105813952248066 2.0281323214086471e-20 0.045931617202877112 0.45958350572967333 -8.7797356872535043e-17 0.88813456341542885 5000 4999.9997449253297 160.21786451681905 8610 1 1 0.019285949393965645 1.0000000014718911 0.92547053517483069 1 1 1 0 4 0 0 1 0 102522 57.655569647109743 5.7454394141709537
6 3206.0400480139265 -4.6072883183486898e-16 14664.305014935071 3205.1806325701127 -4.0193762797120463e-16 14664.20542956727 0.022436464604546395 -3.3355180978431559e-21 0.1370494633986209 0.11510550776794071 6.463069832592e-17 -0.99335327129405127 5000 4999.9999995372618 77.667537633647513 4288 1 1 0.019285950361800992 0.99999999950910845 0.74851215054574305 1 1 1 0 4 0 0 1 0 60775 142.14439840612528 0.79282459539136851
7 -22623.220287476208 -7.748325298410746e-14 14670.791304504512 -22622.120679500873 -7.7537389270306446e-14 14670.564033147248 -0.19484533063834267 -6.6731218614711879e-19 0.18017848240547371 0.2024059773602877 -7.5415034026161191e-17 0.9793017006393 5000 19004.569789341691 147.03724560082097 3729 1 1 0.070428988393504671 1.0000000005461984 1.2607899692527604 1 1 1 0 4 0 0 1 0 54299 -249.48202249052173 3.8673345406467314
8 -12266.626500449598 2.8463149296532824e-15 14666.541451744255 -12266.322661555914 2.7642869114916827e-15 14667.579462769143 -0.060580279736198117 1.3994556553898402e-20 0.12496391491442811 -0.95972973224890235 4.5702812841186139e-17 0.28092497428900876 5000 4999.9999895024357 129.90803327365052 4672 1 1 0.019285950323656445 1.0000000001418301 1.1697849611039948 1 1 1 0 4 0 0 1 0 64020 18.176750193431563 0.34184222999313596
9 -9937.8128491513271 1.2761895433232555e-11 -14679.611725379402 -9940.9173739243197 1.2760961385946116e-11 -14678.835842132597 -0.35805503057399179 4.5983425930878483e-16 -0.59516387089193423 -0.24246269884850172 5.9691459663004028e-16 -0.97016072882510684 5000 199286.56393295468 235.90276061378228 3108 1 1 0.48242343813441319 1.0000000000873617 10.240068878796384 1 1 1 0 4 0 0 0 1 40238 -463.98394262224963 0.89154986377471102
