# ELektron2 Java Simulation Results
# Date: 2026-03-08 23:30:01
# Integrator: DormandPrince853 (commons-math3)
# DP853 minStep: 1.0E-10  maxStep: 10.0  absTol: 1.0E-12  relTol: 1.0E-12
# Java: 25.0.2  OS: Windows 11 amd64
# Cores: 24
# Total time: 47647 ms
# Total simulations: 24
# startEnergy: 5000.0 eV
# startPos: -14663.993697025551 (reduced)
# detectionDistance: 14663.993697025551 (reduced)
# rangeMin: 1.0E-13 m
# rangeMax: 1.0E-12 m
# spin: 1
# Z: 6.0
# atomCount: 30
# atomSpacing: 735.4478411741759 (reduced) = 1.42E-10 m
# chainHalfLength: 10663.993697025551 (reduced)
#
# Columns:
# idx qx qy qz rx ry rz vx vy vz ux uy uz energyIn_eV energyOut_eV angle_deg steps elapsedMs dxZERO_reduced psi0
#
0 2632.1305367255736 -3.2454221271586584E-11 -14663.993697025551 2355.9254305065692 -3.5287254109140265E-11 -14841.053201365776 0.5473904981120301 -6.74696437462028E-15 -0.8318803711774131 0.5396768060556715 -6.8479726934510434E-15 -0.8418722854617535 5000.0 5084926.085742517 280.1760092448225 163766 3248 -3.8321321425354915 3.544835331315429
1 -20896.750773438394 -1.26391881581226E-10 14663.993697025551 -20744.678277734096 -1.25636077767291E-10 14797.623999239164 -0.6320389544389037 -3.822994367224911E-15 0.7660649578263963 -0.660089065968831 -3.939583760355988E-15 0.7511873434450962 5000.0 3859357.2472341647 144.9412946862265 167028 4062 -3.6413220519305427 1.8600267859704667
2 -10886.8600176419 -6.121711845030269E-11 14663.993697025553 -10859.006121464834 -6.115424507587463E-11 14674.51908587133 -0.37605057504726125 -2.1146603141976585E-15 0.8748777837739957 -0.35348302966636513 -2.0198867619447756E-15 0.935440937584921 5000.0 1163062.2345522891 126.5909764454305 174673 4803 -3.722436911953135 3.148236269361668
3 -18673.856505636508 -3.176173798669666E-11 14663.993697025555 -18657.91484549547 -3.174423134104934E-11 14674.579037352245 -0.5503237134436727 -9.36072881990472E-16 0.7464250637044556 -0.5531640941061866 -8.896384913785911E-16 0.8330723168386681 5000.0 854736.9696881301 141.85856456716965 185623 4957 -3.5230427325294875 1.16454977558322
4 -87644.8584148257 1.2125864616393584E-9 -14663.993697025551 -87643.38209800706 1.2135856496265337E-9 -14643.028764304454 -0.9441766262670326 1.3062236652827984E-14 -0.0430889531782953 -0.9975298080287333 1.83889636158868E-14 0.07024444437545556 5000.0 1053558.961941933 189.4982667423154 211218 5866 -4.426914041759697 3.815060917308026
5 -11058.624987347881 2.347836397657382E-13 14663.993697025551 -11056.380524618888 2.3466702010948835E-13 14664.918570476608 -0.24550274842727057 5.211017965987836E-18 0.5622903857613126 -0.38099032828218216 -8.495971064582366E-18 0.9245790230144973 5000.0 136116.5385821638 127.02120979699953 403820 7380 1.1872398809855444 2.2920580080584716
6 48812.16991780728 -1.6733227674010934E-11 14663.993697025555 48812.66280870703 -1.6732213714240636E-11 14660.46068413919 0.6349321091909947 -2.176651708190204E-16 0.32945214651514415 0.9904082573972912 -1.1515261973067774E-16 0.13817193401593383 5000.0 220252.78398998218 16.72114842632511 425563 8149 -3.802809696390962 0.398711259104952
7 598.22761985034 1.1813054187570108E-13 -14663.993697025551 598.8860687619657 1.1815803509644437E-13 -14664.61130380796 0.020398627532439106 4.080381332142912E-18 -0.13750909611317838 0.6841244128084263 -1.452447095892931E-17 0.7293653311354232 5000.0 5010.235224812635 272.3361249658948 327968 8522 -4.667454740594172 5.474130859634389
8 -8931.258519028765 2.8374789512494414E-13 14663.993697025555 -8931.740654449919 2.8378821432357017E-13 14663.568399868795 -0.17382981135502498 5.52153748744432E-18 0.49299504321129967 0.6615197888574432 4.13634364841456E-17 -0.7499277087480131 5000.0 88420.56891994989 121.34394096336668 464474 9743 0.8922819245855024 1.5735264192441099
9 72.9419183283765 -4.391148755941274E-13 14663.993697025551 72.26169580152336 -4.391165134059423E-13 14663.828038945903 -0.008098698392703064 4.871071431234146E-17 0.48670391715984535 0.23661932309582553 1.4520516827027402E-16 -0.9716024371265071 5000.0 73983.13627745684 89.71500058662828 451533 9847 -2.552017088293374 4.713017269669594
10 -19856.049611398306 -3.163125821464404E-13 14663.993697025553 -19854.134295245072 -3.1657681070457967E-13 14666.044972440432 -0.4228263244147144 -6.735554632906429E-18 0.5393418122028228 -0.7309144076953137 3.875387220056935E-18 0.6824691412583658 5000.0 190695.18255821854 143.55357010021046 387553 10136 1.8594733649727904 3.5785448556998625
11 161048.87014622532 -1.1701775649964707E-11 14663.993697025551 161048.44539112167 -1.1697072942084181E-11 14656.817805594263 0.8504889784488756 -6.180036652716877E-17 0.13375429211262102 0.998252745141799 7.082302041561533E-17 -0.05908853891826961 5000.0 493516.28860472236 5.202610454297876 490669 10687 -3.18583892093528 3.9942767294800956
12 -13165.837087228383 2.101433481441852E-12 14663.993697154598 -13164.507612318574 2.1013450333617387E-12 14664.167127441428 -0.12811969547784438 2.045089945098181E-17 0.2465145553600478 -0.12935423034087218 -3.812449067691337E-17 0.991598448310145 5000.0 20940.872891910432 131.918584350886 811706 11902 -1.7118895249497859 0.6331389262788134
13 74021.5451571494 -1.2935660504178745E-11 14663.993697025555 74020.39931307922 -1.2935409258281358E-11 14662.295929548154 0.6850130003945822 -1.1971147735167365E-16 0.23438737095411455 0.828882399783938 2.0429110410247822E-17 -0.5594228883450455 5000.0 229797.77295979115 11.20546186007128 525204 12274 -3.803998781827068 0.7110937705802022
14 144182.68075517644 -2.9925554780289655E-12 14663.993697025553 144181.59119956841 -2.9924894561984714E-12 14660.966783633792 0.7283062233808518 -1.5115836232050022E-17 0.1279366136702593 0.9409006071807994 -2.5061575308797627E-17 -0.338682812471764 5000.0 248057.82712504218 5.807257171771015 796500 12678 -3.824084469374794 1.1988349566277476
15 -2852.68973644785 5.2568123717300316E-14 14663.993697025551 -2852.5881885630424 5.2500666606870105E-14 14665.05509316246 -0.04175243594190216 7.685979907169815E-19 0.37333081874619384 -0.9954544369723811 5.4926395480292066E-17 0.09523898610915123 5000.0 40384.36153351371 101.0086520950917 590381 13083 -1.1080153311790981 1.163672877656898
16 -10655.646392483803 2.4232080385668945E-13 14663.993697025553 -10655.10171962357 2.422286665061954E-13 14665.138702671002 -0.12208095589013623 2.77568906831948E-18 0.2902152433279347 -0.9030343095691952 3.441138902137905E-17 0.42956843131873523 5000.0 27380.735869602315 126.0041716463462 731162 14354 0.9444258173941676 0.49856838055273656
17 -27991.9710090356 -1.465385774404981E-13 14663.993697025553 -27990.766111827164 -1.466880820051075E-13 14665.033822414762 -0.300595122321075 -1.5734489517677142E-18 0.2719769731875691 -0.6534515718217815 -1.1086224213886177E-17 0.7569683244172027 5000.0 47988.93198268347 152.35156292775832 752934 15107 2.791176057800022 4.876811417867991
18 -11825.249286339744 1.7699666882951753E-13 14663.993697025551 -11824.542058560117 1.769013646381483E-13 14665.048820612508 -0.11575529492378263 1.7320645457809597E-18 0.24795677736905167 -0.8306625786191901 2.093897799181694E-17 0.5567761512152251 5000.0 20278.571848679345 128.88318935323252 821692 15853 1.057794098397236 0.44578980286727954
19 -15279.389594793185 -1.65479168718454E-13 14663.993697025551 -15278.265500139274 -1.65554012297358E-13 14664.335328333555 -0.08878933842000293 -9.62055678019965E-19 0.14719637663777974 -0.2907841992412313 -3.558621514526666E-17 0.9567886654011084 5000.0 7721.667817643304 136.17737612426967 1193300 19293 1.2275881992718412 0.35711981608623994
20 -57368.06987745496 -5.600938062920462E-13 -14663.993697025551 -57368.48123454331 -5.600187976144431E-13 -14664.770176538987 -0.13659783287986818 -1.333540569927462E-18 -0.009534427097577115 0.8836562608956408 -2.830371655495707E-17 -0.4681363285323854 5000.0 4859.030039913992 194.33849610049614 2547575 32100 4.380809242772634 1.1171965259408199
21 -84786.48753582957 -6.071926352406201E-13 14663.993697025553 -84786.97011014508 -6.071179933066549E-13 14663.344483537074 -0.20777113032959624 -1.4878497713163466E-18 0.06206095981411828 0.8025654289815136 -1.7646928314303468E-17 -0.5965641119311581 5000.0 12454.694874024333 170.18764817396524 2675699 32844 3.8657178609211496 2.894244111375534
22 -138926.22151451706 -7.984168891216566E-13 -1866.2184322732796 -138927.203026702 -7.983673285448158E-13 -1866.088689736035 -0.14302673885649655 -8.21961663420085E-19 0.009053010040258228 -0.13104644087249784 6.320847941821413E-17 -0.9913762411799634 5000.0 5329.856425832606 180.7696171948664 5665617 47101 4.668975109635547 6.121469795953179
23 -137308.89788571047 -8.041899216061178E-13 -3169.52190606356 -137308.5135306457 -8.041618782764176E-13 -3170.305426513999 -0.14136148217762118 -8.279039630772756E-19 0.007711077104451679 0.8977955253572809 -8.998779003261478E-17 0.4404125644125267 5000.0 5199.151212301518 181.32233225427072 5669011 47633 4.764095065815424 1.598697007222033
