# ELektron2 C++ Simulation Results
# Date: 2026-03-07 22:59:13
# Integrator: DP853 (self-contained)
# DP853 absTol: 9.9999999999999998e-13  relTol: 9.9999999999999998e-13  minStep: 1e-10  maxStep: 10
# Cores: 24
# Total time: 14514 ms
# Total simulations: 24
# startEnergy: 5000 eV
# startPos: -14663.993697025551 (reduced)
# detectionDistance: 14663.993697025551 (reduced)
# rangeMin: 1e-13 m
# rangeMax: 9.9999999999999998e-13 m
# spin: 1
# Z: 6
# alpha: 0.0072992700729926996
# reducedBohr: 274.49813790303745
# zitterRadius: 1.93079634e-13 m
# atomCount: 30
# atomSpacing: 735.44784117417589 (reduced) = 1.42e-10 m
# chainHalfLength: 10663.993697025551 (reduced)
# maxTime: 1000000 (reduced)
# Summary: isNaN=0 isPos=19 isNeg=5 is120L=0 is120R=0 isRenorm=0
#
# Columns:
# idx qx qy qz rx ry rz vx vy vz ux uy uz energyIn_eV energyOut_eV angle_deg steps apexCharge apexMass v2 u2 |q-r|2 minZdot2 maxZdot2 minXdot2 maxXdot2 minR maxR isNaN isPos isNeg elapsedMs dxZERO_reduced psi0
#
0 -358.74770428146007 -5.7194219182615999e-13 14664.030117572695 -357.50958198737169 -5.7198538390077512e-13 14665.045447297653 -0.041400740241736012 -6.6117529162742087e-17 0.44279777340055554 -0.63410552044432156 -6.2389834171233944e-17 0.77324652489095502 5000 59525.697226722099 91.401431252798844 496927 1 1 0.19778388942105343 0.99999999931390227 2.563841265502103 1 1 1 0 4 0 0 1 0 1891 -2.1524196543825007 3.5477184352902005
1 8793.5737935304005 2.6828085562267455e-11 -14663.995925589228 8794.0993569916736 2.683007965960056e-11 -14663.520838024799 0.69309643950547994 2.1150040831231397e-15 -0.31530649001738087 -0.67058554260356096 4.5820480191838918e-15 0.74183221104800345 5000 277303.25355625775 300.9498959881829 199140 1 1 0.57980085710225415 0.99999999929728178 0.50192514570092672 1 1 1 0 4 0 0 0 1 867 -4.2258746077935747 6.2278681422247457
2 -25035.620609464728 -1.3908322693382382e-12 14664.046901845366 -25034.14861959367 -1.3909645271500893e-12 14663.718077517631 -0.56388592418338235 -3.1324275665697985e-17 0.57046625916197768 0.2180141747128409 -1.7102076299394146e-16 0.97594560328768376 5000 344716.04562336166 149.64132860023324 313382 1 1 0.64339908833440795 1.000000000952282 2.2748796190055165 1 1 1 0 4 0 0 1 0 1306 2.0090743003907532 4.1271197103139379
3 -3237.4331381356646 -9.191251528272097e-11 14666.317441437202 -3198.7637344451637 -9.1773617264484807e-11 14669.678621861209 -0.12203229116539997 -3.464422323038011e-15 0.95513510677941971 -0.086594421668467023 -3.3502476091573175e-15 0.99624364799472276 5000 1382566.2800250505 102.44781734075356 171164 1 1 0.92717495228961044 1.0000000000339293 1506.6203156216543 1 1 1 0 4 0 0 1 0 723 -3.8822982303393627 4.8180987608550323
4 958864.13651581609 1.3080455756693759e-09 -7783.3016122498375 958872.14263032691 1.3081529305682703e-09 -7830.8820727667726 0.98722166854240812 1.3467269713315282e-15 0.0029658131935068736 0.9861371748023533 9.7395613843335149e-16 0.16593213079642583 5000 2696272.7879905077 359.53492833651597 309390 1 1 0.9746154188875551 0.99999999955780927 2327.9980925639707 1 1 1 0 4 0 0 0 1 1401 -2.8080584933306483 2.5910486515029412
5 6387.3014969854457 -8.2784139403143599e-11 14671.305695662539 6412.0289182988217 -8.2706653962948925e-11 14666.500427706042 0.23071483745567992 -2.9904012807420945e-15 0.91515377471077819 0.19076095538947579 -3.1592145537204241e-15 0.98163652023081882 5000 1034901.7562320041 66.473611515845846 176323 1 1 0.89073576758958661 0.9999999999519763 634.53596494293959 1 1 1 0 4 0 0 1 0 709 -4.0073522742912422 0.30225927146553788
6 -133773.3084149248 -6.684577016056288e-13 640.51279837220784 -133772.30809311531 -6.6852222401266677e-13 640.59451697698648 -0.13772124702989372 -6.8817111035356909e-19 0.011633263516099356 -0.081421078335253652 -6.6750423510958725e-17 0.99667979491443415 5000 4951.7391645413873 179.72566724957534 5675530 1 1 0.019102474703504017 1.0000000055879541 1.0073216529152602 1 1 1 0 4 0 0 1 0 14505 4.918079497374821 5.7022213422628854
7 -10564.713523200062 -1.1138219409128736e-12 14664.209930708721 -10563.21223747435 -1.1140108808231099e-12 14665.454130720089 -0.21287216684524471 -2.2441539127341982e-17 0.51033984397443544 -0.63810226243452506 -1.7201773615643487e-17 0.76995162390038274 5000 102290.86414803978 125.77056436292064 453696 1 1 0.30576131576524079 1.000000000470896 3.8018924985131082 1 1 1 0 4 0 0 1 0 1761 2.877424177253479 3.6059449398967169
8 7589.339356557829 -2.566478101354155e-11 14663.996517339117 7589.2758149339679 -2.5664830368987643e-11 14664.922609113481 0.046955675185195743 -1.5878927067474209e-16 0.1475291965598382 -0.99765442834085494 -7.3920984137784345e-17 -0.068451728109336446 5000 6236.6019442303923 62.636212690804889 1154869 1 1 0.023969699269688984 0.99999999746927259 0.86168351250600239 1 1 1 0 4 0 0 1 0 3517 1.8157824108529861 5.3029032154180555
9 -54180.630210405739 1.837492497708531e-11 14664.005862159849 -54181.630910265929 1.8375025279965814e-11 14664.115288509072 -0.74078487865523479 2.5123698127894046e-16 0.34629854555041256 -0.10870185615995602 5.5192063896976253e-16 -0.99407439570366152 5000 376769.6581464769 164.8557007631004 315048 1 1 0.66868491909458205 0.99999999772621961 1.0133743360872911 1 1 1 0 4 0 0 1 0 1292 -2.7755002291403663 3.14692284725936
10 -124132.17892482939 -1.0175200802132872e-11 -1315.4471767573586 -124133.01738732209 -1.0175132645834138e-11 -1315.8350274957295 -0.12785812542913216 -1.0480253941168102e-17 0.0096258607572757577 0.41983263614050914 7.0472520933461948e-17 -0.90760152270200134 5000 4253.0247013407725 180.60714917695105 5568514 1 1 0.016440357433570155 0.99999996637968058 0.85344754691691427 1 1 1 0 4 0 0 0 1 13871 3.1766909860565016 3.6725809394487885
11 -5357.0688937636241 7.8567439534660947e-13 14664.717488827846 -5351.1674437172278 7.8670781043037415e-13 14666.554207497371 -0.17779899246286415 2.6067514163599244e-17 0.84073285964772271 -0.29717158083075379 1.7112817566017099e-18 0.95482409461860218 5000 488168.51804507908 110.0674127229736 236401 1 1 0.73844422301224699 1.0000000001176825 38.200648121093145 1 1 1 0 4 0 0 1 0 869 0.81832466804874637 2.613627683017143
12 -15350.225704628263 -1.8484863953725241e-13 14664.209492873491 -15347.047013436633 -1.850148213966717e-13 14664.787538936456 -0.40272679818757162 -4.8502966670631264e-18 0.66450272057218607 -0.17891606237800303 -3.1482984986974675e-17 0.98386434131557787 5000 300778.90942407266 136.3093363562796 303849 1 1 0.60375273962624987 0.99999999948918539 10.438214942653389 1 1 1 0 4 0 0 1 0 1116 1.5431493915350438 3.2431797614421232
13 85286.995510631546 -2.7098776996799201e-13 14664.361078532644 85290.964314885481 -2.6487683457301577e-13 14658.785985488197 0.84575537408999235 -2.6985607489764656e-18 0.25116874007510864 0.81465890227569193 -3.2516198468876911e-16 0.57994040449064344 5000 574485.82015839242 9.7561173519448907 310220 1 1 0.77838788879302034 0.99999999981780652 46.833069660285247 1 1 1 0 4 0 0 1 0 1215 -2.8583288481297529 2.429882253790121
14 -30234.33953943821 5.3527596692738153e-12 14664.066209800048 -30233.748062584946 5.352429478274231e-12 14666.256299369592 -0.43518632349669117 7.7049229863424393e-17 0.36457440147048831 -0.96541214476680215 1.3182656068675853e-16 0.26072857685506368 5000 109729.92036836233 154.12598341147933 494712 1 1 0.32230163036613152 1.0000000000521039 5.1463371905701285 1 1 1 0 4 0 0 1 0 1913 -2.5538364506705502 2.71608204394856
15 -11441.942364899258 2.7284116252930452e-13 14664.044680694502 -11441.804223200246 2.7276592512120244e-13 14665.269076040844 -0.17886503458091876 4.2645600946041432e-18 0.39595000357022769 -0.99369545150651506 6.0879556930059961e-17 0.11211311612664987 5000 56346.864942981854 127.96391632366822 562354 1 1 0.18876910592289659 1.0000000011523646 1.5182270931500912 1 1 1 0 4 0 0 1 0 1991 1.2526700158802495 1.4965187123287655
16 3818.6308382704974 -2.8325405805379061e-13 -14664.00730368577 3818.6090128951273 -2.8317847346671924e-13 -14665.094128375371 0.095814349940914131 -7.1092145622399041e-18 -0.10054910006201048 0.99979842171935251 -2.9720380281485007e-17 -0.020077732660152895 5000 5001.1998341404515 284.59613254140589 390182 1 1 0.019290511177880148 0.99999999942128082 1.1816642529356807 1 1 1 0 4 0 0 0 1 1369 -4.9229673689447822 1.264904325557487
17 -294068.70054631657 4.5201434137054214e-10 14664.177390924744 -294065.04505550989 4.5193855742275615e-10 14715.062508077424 -0.9695148596488391 1.4902525335297438e-15 0.083504317493881819 -0.99742958729433151 1.5131699686277764e-15 0.07165345951258309 5000 1707220.3209600416 177.14522463242625 235118 1 1 0.94693203412002724 0.99999999987026189 2602.6577606796905 1 1 1 0 4 0 0 1 0 1358 -2.5720879638610668 1.77329532645326
18 -22179.328263424162 9.9257162627274037e-14 14664.009582651797 -22179.374753615564 9.9192138953863771e-14 14665.174296685094 -0.17570603045251693 7.861425739915794e-19 0.20064079583854702 -0.99920432490954159 6.3703222593625763e-17 -0.039883781127396989 5000 19204.338505875377 146.52905209000079 974787 1 1 0.071129338092106309 0.99999999891495084 1.3587201172556955 1 1 1 0 4 0 0 1 0 3004 2.3820142365034056 2.9875181273484337
19 -54918.986566830914 1.8546983578551268e-11 14664.009009868452 -54918.454000679005 1.8546764510218395e-11 14665.299968097383 -0.26064503121880117 8.802562252170617e-17 0.12021019777382749 -0.92442702154960965 7.3651585884221823e-17 0.38135900264865602 5000 22446.612138104432 165.05013079397736 1480497 1 1 0.082386323947872556 1.0000000070722601 1.9501998550022035 1 1 1 0 4 0 0 1 0 4283 -1.3687214020020182 5.2868068471957317
20 364171.88034902327 4.5759498678822443e-10 -14663.994818742327 364170.08018736972 4.5759347754551634e-10 -14665.448911275716 0.75287006052833216 9.4601298181277812e-16 -0.0082701477954762181 0.62836739139111952 -1.1760444695899514e-16 -0.77791672344522655 5000 265457.420762653 357.69413453701179 1575184 1 1 0.56688172338449361 1.0000000071794375 5.354967074562091 1 1 1 0 4 0 0 0 1 9973 -4.1303086927712238 4.3498523423894628
21 -17067.02139280218 2.0895843917078651e-11 14664.003060456744 -17066.291950897594 2.0895538905099675e-11 14663.303833995171 -0.077544345178611918 9.5100726206962066e-17 0.11513550224877794 0.69199716765381569 -3.9936966718596394e-15 0.72190021498291601 5000 4995.6222432319855 139.33079302352465 1419700 1 1 0.019269309347258064 1.0000000004332834 1.0210031367305423 1 1 1 0 4 0 0 1 0 4058 -4.4867484730730318 4.9807809236525609
22 -88644.538847325719 -2.9361743960431721e-10 14665.319022365073 -88623.761208127544 -2.941015993430396e-10 14763.522528885675 -0.95751743949719381 -3.1715528712116875e-15 0.27360104207858149 -0.97834199583370396 -2.8330897489171335e-15 0.20699502211555804 5000 5097000.125360636 170.60609571832026 175262 1 1 0.99169717716774786 0.99999999999249556 10075.63898359144 1 1 1 0 4 0 0 1 0 712 2.5278359524236138 5.9938100420518108
23 -14058.207834436917 2.2061907271972861e-13 14664.02249221809 -14057.867722935278 2.206480139112936e-13 14663.186139048417 -0.22292332662028413 3.4979530798593446e-18 0.40162870221027536 0.92633403709938966 -5.6989771721653939e-17 0.37670313543875567 5000 64284.291125158525 133.79168585869874 548563 1 1 0.21100042399056393 1.000000000538243 0.81516245796775677 1 1 1 0 4 0 0 1 0 1990 1.6155020374525495 2.2356177329603866
